           1       1.543
           2     1.54285
           3     1.54241
           4     1.54166
           5     1.54062
           6     1.53929
           7     1.53766
           8     1.53574
           9     1.53352
          10     1.53101
          11     1.52821
          12     1.52512
          13     1.52174
          14     1.51807
          15     1.51411
          16     1.50987
          17     1.50535
          18     1.50055
          19     1.49546
          20      1.4901
          21     1.48445
          22     1.47853
          23     1.47233
          24     1.46586
          25      1.4591
          26     1.45207
          27     1.44477
          28     1.43719
          29     1.42934
          30     1.42122
          31     1.41282
          32     1.40416
          33     1.39524
          34     1.38605
          35      1.3766
          36     1.36689
          37     1.35693
          38     1.34671
          39     1.33624
          40     1.32553
          41     1.31457
          42     1.30338
          43     1.29195
          44     1.28029
          45     1.26841
          46     1.25631
          47     1.24399
          48     1.23147
          49     1.21874
          50     1.20582
          51     1.19271
          52     1.17941
          53     1.16594
          54      1.1523
          55      1.1385
          56     1.12455
          57     1.11046
          58     1.09623
          59     1.08188
          60     1.06741
          61     1.05285
          62     1.03818
          63     1.02344
          64     1.00862
          65    0.993738
          66     0.97881
          67    0.963846
          68    0.948856
          69    0.933856
          70    0.918855
          71    0.903868
          72    0.888908
          73    0.873988
          74    0.859121
          75    0.844322
          76    0.829602
          77    0.814977
          78     0.80046
          79    0.786063
          80    0.771803
          81    0.757691
          82    0.743742
          83    0.729967
          84    0.716382
          85    0.702997
          86    0.689826
          87    0.676881
          88    0.664173
          89    0.651715
          90    0.639518
          91    0.627591
          92    0.615946
          93    0.604593
          94     0.59354
          95    0.582796
          96     0.57237
          97    0.562269
          98    0.552499
          99    0.543068
         100     0.53398
         101    0.525242
         102    0.516857
         103    0.508829
         104     0.50116
         105    0.493855
         106    0.486913
         107    0.480337
         108    0.474127
         109    0.468282
         110    0.462801
         111    0.457684
         112    0.452929
         113    0.448532
         114    0.444492
         115    0.440804
         116    0.437464
         117    0.434467
         118     0.43181
         119    0.429485
         120    0.427487
         121    0.425809
         122    0.424446
         123    0.423389
         124    0.422633
         125    0.422168
         126    0.421988
         127    0.422084
         128    0.422448
         129    0.423071
         130    0.423946
         131    0.425063
         132    0.426413
         133    0.427988
         134    0.429779
         135    0.431776
         136    0.433971
         137    0.436355
         138    0.438919
         139    0.441653
         140     0.44455
         141      0.4476
         142    0.450794
         143    0.454126
         144    0.457584
         145    0.461163
         146    0.464853
         147    0.468646
         148    0.472535
         149    0.476512
         150    0.480568
         151    0.484697
         152    0.488892
         153    0.493146
         154    0.497452
         155    0.501804
         156    0.506195
         157    0.510618
         158    0.515069
         159    0.519541
         160    0.524029
         161    0.528528
         162    0.533033
         163    0.537537
         164    0.542038
         165     0.54653
         166    0.551009
         167    0.555471
         168    0.559913
         169     0.56433
         170     0.56872
         171    0.573079
         172    0.577403
         173    0.581689
         174    0.585935
         175    0.590138
         176    0.594295
         177    0.598403
         178    0.602461
         179    0.606466
         180    0.610417
         181    0.614311
         182    0.618146
         183     0.62192
         184    0.625633
         185    0.629282
         186    0.632866
         187    0.636383
         188    0.639831
         189     0.64321
         190    0.646518
         191    0.649755
         192    0.652918
         193    0.656008
         194    0.659023
         195    0.661961
         196     0.66482
         197      0.6676
         198    0.670301
         199     0.67292
         200    0.675458
         201    0.677912
         202    0.680284
         203    0.682571
         204    0.684773
         205    0.686889
         206    0.688919
         207    0.690862
         208    0.692717
         209    0.694484
         210    0.696163
         211    0.697754
         212    0.699255
         213    0.700665
         214    0.701986
         215    0.703217
         216    0.704357
         217    0.705406
         218    0.706366
         219    0.707236
         220    0.708018
         221     0.70871
         222    0.709316
         223    0.709834
         224    0.710266
         225    0.710612
         226    0.710874
         227    0.711052
         228    0.711147
         229    0.711162
         230    0.711097
         231    0.710954
         232    0.710735
         233    0.710442
         234    0.710077
         235    0.709643
         236    0.709142
         237    0.708577
         238     0.70795
         239    0.707263
         240     0.70652
         241    0.705724
         242    0.704878
         243    0.703984
         244    0.703045
         245    0.702067
         246    0.701051
         247    0.700002
         248    0.698924
         249    0.697821
         250    0.696695
         251    0.695551
         252     0.69439
         253    0.693219
         254     0.69204
         255    0.690856
         256    0.689672
         257    0.688492
         258     0.68732
         259    0.686159
         260    0.685012
         261    0.683883
         262    0.682774
         263     0.68169
         264    0.680634
         265     0.67961
         266    0.678619
         267    0.677666
         268    0.676753
         269    0.675882
         270    0.675056
         271    0.674277
         272    0.673548
         273    0.672871
         274    0.672249
         275    0.671682
         276    0.671174
         277    0.670725
         278    0.670337
         279    0.670011
         280    0.669749
         281     0.66955
         282    0.669416
         283    0.669347
         284    0.669343
         285    0.669405
         286    0.669533
         287    0.669727
         288    0.669988
         289    0.670315
         290    0.670708
         291    0.671167
         292    0.671691
         293    0.672279
         294    0.672932
         295    0.673649
         296    0.674427
         297    0.675267
         298    0.676168
         299    0.677126
         300    0.678142
         301    0.679212
         302    0.680337
         303    0.681515
         304    0.682743
         305    0.684021
         306    0.685347
         307    0.686719
         308    0.688134
         309    0.689591
         310    0.691088
         311    0.692622
         312    0.694194
         313    0.695799
         314    0.697437
         315    0.699106
         316    0.700802
         317    0.702523
         318    0.704267
         319    0.706032
         320    0.707815
         321    0.709614
         322    0.711426
         323    0.713249
         324    0.715081
         325     0.71692
         326    0.718762
         327    0.720605
         328    0.722447
         329    0.724285
         330    0.726117
         331     0.72794
         332    0.729751
         333     0.73155
         334    0.733332
         335    0.735095
         336    0.736836
         337    0.738553
         338    0.740242
         339    0.741901
         340    0.743528
         341     0.74512
         342    0.746674
         343     0.74819
         344    0.749664
         345    0.751095
         346     0.75248
         347    0.753816
         348    0.755102
         349    0.756336
         350    0.757515
         351    0.758639
         352    0.759706
         353    0.760716
         354    0.761667
         355     0.76256
         356    0.763392
         357    0.764164
         358    0.764875
         359    0.765525
         360    0.766114
         361    0.766643
         362    0.767113
         363    0.767525
         364    0.767882
         365    0.768183
         366    0.768431
         367    0.768628
         368    0.768774
         369    0.768874
         370     0.76893
         371    0.768946
         372    0.768923
         373    0.768867
         374     0.76878
         375    0.768666
         376    0.768529
         377    0.768374
         378    0.768206
         379    0.768027
         380    0.767844
         381     0.76766
         382     0.76748
         383    0.767309
         384    0.767151
         385    0.767011
         386    0.766895
         387    0.766807
         388     0.76675
         389    0.766731
         390    0.766752
         391    0.766818
         392    0.766933
         393    0.767099
         394    0.767321
         395    0.767602
         396    0.767945
         397     0.76835
         398     0.76882
         399    0.769356
         400     0.76996
         401    0.770632
         402    0.771375
         403    0.772187
         404    0.773068
         405    0.774017
         406    0.775032
         407    0.776112
         408    0.777257
         409    0.778464
         410    0.779729
         411    0.781052
         412    0.782428
         413    0.783855
         414    0.785328
         415    0.786844
         416      0.7884
         417    0.789994
         418    0.791621
         419    0.793276
         420    0.794955
         421    0.796656
         422    0.798373
         423    0.800103
         424    0.801841
         425    0.803585
         426    0.805331
         427    0.807076
         428    0.808814
         429    0.810545
         430    0.812263
         431    0.813966
         432    0.815651
         433    0.817315
         434    0.818956
         435    0.820572
         436    0.822161
         437    0.823721
         438    0.825248
         439    0.826741
         440    0.828199
         441     0.82962
         442    0.831002
         443    0.832345
         444    0.833646
         445    0.834906
         446    0.836122
         447    0.837295
         448    0.838424
         449    0.839508
         450    0.840547
         451     0.84154
         452    0.842486
         453    0.843384
         454    0.844234
         455    0.845036
         456    0.845792
         457    0.846499
         458    0.847157
         459    0.847767
         460    0.848327
         461     0.84884
         462    0.849303
         463    0.849719
         464    0.850087
         465    0.850405
         466    0.850675
         467    0.850895
         468    0.851066
         469     0.85119
         470    0.851265
         471    0.851291
         472     0.85127
         473    0.851201
         474    0.851085
         475    0.850921
         476    0.850712
         477    0.850456
         478    0.850154
         479    0.849805
         480    0.849412
         481    0.848973
         482     0.84849
         483    0.847965
         484    0.847396
         485    0.846785
         486    0.846132
         487    0.845439
         488    0.844708
         489     0.84394
         490    0.843135
         491    0.842295
         492    0.841421
         493    0.840516
         494    0.839582
         495     0.83862
         496    0.837632
         497     0.83662
         498    0.835586
         499    0.834534
         500    0.833464
         501    0.832379
         502    0.831282
         503    0.830174
         504    0.829059
         505     0.82794
         506    0.826819
         507      0.8257
         508    0.824586
         509     0.82348
         510    0.822384
         511    0.821302
         512    0.820236
         513    0.819189
         514    0.818166
         515    0.817167
         516    0.816198
         517     0.81526
         518    0.814357
         519    0.813492
         520    0.812668
         521    0.811887
         522    0.811151
         523    0.810464
         524    0.809828
         525    0.809244
         526    0.808715
         527    0.808243
         528     0.80783
         529    0.807479
         530    0.807191
         531    0.806967
         532    0.806809
         533    0.806717
         534    0.806693
         535    0.806738
         536    0.806852
         537    0.807036
         538     0.80729
         539    0.807614
         540    0.808008
         541    0.808472
         542    0.809006
         543    0.809608
         544    0.810279
         545    0.811017
         546     0.81182
         547     0.81269
         548    0.813622
         549    0.814617
         550    0.815671
         551    0.816784
         552    0.817953
         553    0.819178
         554    0.820455
         555    0.821783
         556    0.823159
         557    0.824581
         558    0.826044
         559    0.827548
         560    0.829091
         561    0.830669
         562    0.832279
         563    0.833918
         564    0.835584
         565    0.837274
         566    0.838985
         567    0.840715
         568    0.842461
         569    0.844221
         570    0.845991
         571    0.847771
         572    0.849555
         573    0.851343
         574    0.853132
         575    0.854919
         576    0.856702
         577    0.858479
         578    0.860247
         579    0.862004
         580     0.86375
         581    0.865481
         582    0.867197
         583    0.868896
         584    0.870577
         585    0.872236
         586    0.873872
         587    0.875483
         588    0.877068
         589    0.878628
         590    0.880159
         591    0.881663
         592    0.883138
         593    0.884582
         594    0.885995
         595    0.887376
         596    0.888724
         597     0.89004
         598    0.891321
         599    0.892567
         600    0.893778
         601    0.894954
         602    0.896095
         603    0.897202
         604    0.898274
         605     0.89931
         606     0.90031
         607    0.901275
         608    0.902205
         609      0.9031
         610    0.903962
         611     0.90479
         612    0.905583
         613     0.90634
         614    0.907063
         615    0.907752
         616    0.908406
         617    0.909028
         618    0.909617
         619    0.910172
         620    0.910694
         621    0.911184
         622    0.911641
         623    0.912064
         624    0.912454
         625     0.91281
         626    0.913134
         627    0.913424
         628    0.913683
         629    0.913908
         630      0.9141
         631     0.91426
         632    0.914387
         633    0.914482
         634    0.914542
         635     0.91457
         636    0.914566
         637    0.914528
         638    0.914457
         639    0.914353
         640    0.914215
         641    0.914045
         642    0.913842
         643    0.913605
         644    0.913335
         645    0.913029
         646     0.91269
         647    0.912316
         648    0.911907
         649    0.911462
         650    0.910982
         651    0.910466
         652    0.909915
         653    0.909328
         654    0.908707
         655    0.908049
         656    0.907355
         657    0.906625
         658     0.90586
         659    0.905058
         660     0.90422
         661    0.903347
         662    0.902437
         663    0.901491
         664    0.900509
         665    0.899491
         666    0.898439
         667    0.897352
         668    0.896232
         669    0.895079
         670    0.893894
         671    0.892676
         672    0.891428
         673     0.89015
         674    0.888842
         675    0.887507
         676    0.886147
         677    0.884762
         678    0.883354
         679    0.881923
         680    0.880472
         681       0.879
         682     0.87751
         683    0.876004
         684    0.874483
         685     0.87295
         686    0.871406
         687    0.869853
         688    0.868294
         689    0.866729
         690    0.865162
         691    0.863595
         692    0.862028
         693    0.860464
         694    0.858905
         695    0.857352
         696    0.855808
         697    0.854274
         698    0.852752
         699    0.851244
         700    0.849751
         701    0.848276
         702    0.846819
         703    0.845381
         704    0.843963
         705    0.842566
         706    0.841191
         707    0.839839
         708    0.838512
         709     0.83721
         710    0.835933
         711    0.834682
         712    0.833456
         713    0.832256
         714     0.83108
         715     0.82993
         716    0.828803
         717      0.8277
         718     0.82662
         719    0.825563
         720    0.824528
         721    0.823514
         722     0.82252
         723    0.821545
         724    0.820588
         725    0.819647
         726    0.818722
         727    0.817811
         728    0.816912
         729    0.816024
         730    0.815146
         731    0.814275
         732    0.813411
         733     0.81255
         734    0.811691
         735    0.810834
         736    0.809975
         737    0.809114
         738     0.80825
         739    0.807381
         740    0.806505
         741    0.805623
         742     0.80473
         743    0.803827
         744    0.802911
         745    0.801982
         746    0.801039
         747     0.80008
         748    0.799105
         749    0.798113
         750    0.797103
         751    0.796074
         752    0.795025
         753    0.793956
         754    0.792868
         755    0.791759
         756    0.790628
         757    0.789476
         758    0.788302
         759    0.787107
         760     0.78589
         761    0.784652
         762    0.783393
         763    0.782113
         764    0.780811
         765    0.779489
         766    0.778147
         767    0.776785
         768    0.775403
         769    0.774003
         770    0.772586
         771    0.771152
         772    0.769702
         773    0.768238
         774     0.76676
         775     0.76527
         776    0.763769
         777    0.762259
         778    0.760742
         779     0.75922
         780    0.757692
         781    0.756161
         782    0.754629
         783    0.753097
         784    0.751567
         785     0.75004
         786    0.748519
         787    0.747005
         788    0.745499
         789    0.744003
         790     0.74252
         791    0.741052
         792    0.739601
         793    0.738168
         794    0.736755
         795    0.735363
         796    0.733996
         797    0.732654
         798     0.73134
         799    0.730056
         800    0.728804
         801    0.727585
         802    0.726402
         803    0.725255
         804    0.724147
         805     0.72308
         806    0.722054
         807    0.721072
         808    0.720135
         809    0.719246
         810    0.718406
         811    0.717615
         812    0.716877
         813    0.716192
         814    0.715562
         815    0.714989
         816    0.714473
         817    0.714015
         818    0.713617
         819    0.713279
         820    0.713003
         821    0.712789
         822    0.712638
         823    0.712551
         824    0.712529
         825    0.712571
         826    0.712678
         827    0.712849
         828    0.713085
         829    0.713386
         830    0.713752
         831    0.714184
         832     0.71468
         833    0.715241
         834    0.715867
         835    0.716557
         836    0.717309
         837    0.718123
         838    0.718997
         839    0.719933
         840    0.720928
         841     0.72198
         842    0.723087
         843    0.724248
         844    0.725461
         845    0.726723
         846    0.728032
         847    0.729387
         848    0.730785
         849    0.732224
         850    0.733702
         851    0.735217
         852    0.736764
         853     0.73834
         854    0.739944
         855    0.741573
         856    0.743224
         857    0.744895
         858    0.746583
         859    0.748284
         860    0.749995
         861    0.751711
         862    0.753432
         863    0.755153
         864    0.756873
         865    0.758589
         866    0.760298
         867    0.761997
         868    0.763683
         869    0.765355
         870    0.767009
         871    0.768643
         872    0.770256
         873    0.771846
         874     0.77341
         875    0.774948
         876    0.776458
         877    0.777937
         878    0.779384
         879    0.780799
         880    0.782178
         881    0.783522
         882    0.784831
         883    0.786101
         884    0.787332
         885    0.788525
         886    0.789677
         887     0.79079
         888    0.791862
         889    0.792893
         890    0.793882
         891    0.794829
         892    0.795733
         893    0.796596
         894    0.797416
         895    0.798195
         896     0.79893
         897    0.799624
         898    0.800276
         899    0.800887
         900    0.801456
         901    0.801985
         902    0.802473
         903     0.80292
         904    0.803329
         905    0.803697
         906    0.804026
         907    0.804316
         908    0.804568
         909    0.804782
         910     0.80496
         911    0.805102
         912    0.805208
         913     0.80528
         914    0.805317
         915    0.805322
         916    0.805295
         917    0.805237
         918    0.805148
         919     0.80503
         920    0.804884
         921    0.804711
         922    0.804512
         923    0.804287
         924    0.804038
         925    0.803765
         926    0.803471
         927    0.803157
         928    0.802822
         929    0.802469
         930      0.8021
         931    0.801714
         932    0.801313
         933    0.800899
         934    0.800472
         935    0.800034
         936    0.799585
         937    0.799127
         938    0.798661
         939     0.79819
         940    0.797713
         941    0.797232
         942    0.796747
         943     0.79626
         944    0.795772
         945    0.795283
         946    0.794795
         947    0.794308
         948    0.793823
         949    0.793343
         950    0.792865
         951    0.792393
         952    0.791926
         953    0.791465
         954    0.791011
         955    0.790564
         956    0.790124
         957    0.789691
         958    0.789264
         959    0.788844
         960    0.788432
         961    0.788027
         962     0.78763
         963     0.78724
         964    0.786859
         965    0.786486
         966     0.78612
         967    0.785761
         968    0.785409
         969    0.785065
         970    0.784727
         971    0.784395
         972     0.78407
         973    0.783752
         974     0.78344
         975    0.783133
         976    0.782831
         977    0.782534
         978    0.782241
         979    0.781953
         980    0.781669
         981    0.781388
         982    0.781111
         983    0.780838
         984    0.780569
         985    0.780302
         986    0.780039
         987    0.779781
         988    0.779525
         989    0.779274
         990    0.779026
         991    0.778783
         992    0.778543
         993    0.778308
         994    0.778076
         995     0.77785
         996    0.777629
         997    0.777414
         998    0.777205
         999    0.777002
        1000    0.776807
        1001    0.776619
        1002    0.776439
        1003    0.776268
        1004    0.776106
        1005    0.775954
        1006    0.775812
        1007    0.775682
        1008    0.775563
        1009    0.775457
        1010    0.775365
        1011    0.775288
        1012    0.775226
        1013    0.775181
        1014    0.775153
        1015    0.775141
        1016    0.775149
        1017    0.775176
        1018    0.775224
        1019    0.775293
        1020    0.775387
        1021    0.775505
        1022    0.775646
        1023    0.775813
        1024    0.776005
        1025    0.776223
        1026    0.776467
        1027    0.776741
        1028    0.777043
        1029    0.777374
        1030    0.777736
        1031    0.778126
        1032    0.778545
        1033    0.778993
        1034     0.77947
        1035    0.779976
        1036    0.780511
        1037    0.781073
        1038    0.781662
        1039    0.782278
        1040     0.78292
        1041    0.783588
        1042     0.78428
        1043    0.784995
        1044    0.785731
        1045    0.786487
        1046    0.787261
        1047    0.788053
        1048     0.78886
        1049     0.78968
        1050    0.790512
        1051    0.791353
        1052    0.792201
        1053    0.793055
        1054    0.793912
        1055    0.794771
        1056    0.795629
        1057    0.796483
        1058     0.79733
        1059    0.798169
        1060    0.798998
        1061    0.799815
        1062    0.800616
        1063      0.8014
        1064    0.802164
        1065    0.802907
        1066    0.803627
        1067    0.804321
        1068    0.804989
        1069    0.805626
        1070    0.806232
        1071    0.806804
        1072     0.80734
        1073    0.807841
        1074    0.808303
        1075    0.808726
        1076    0.809107
        1077    0.809447
        1078    0.809745
        1079    0.809997
        1080    0.810204
        1081    0.810364
        1082    0.810477
        1083    0.810541
        1084    0.810557
        1085    0.810525
        1086    0.810444
        1087    0.810314
        1088    0.810132
        1089      0.8099
        1090    0.809618
        1091    0.809286
        1092    0.808903
        1093     0.80847
        1094    0.807987
        1095    0.807453
        1096     0.80687
        1097    0.806237
        1098    0.805557
        1099    0.804829
        1100    0.804057
        1101    0.803239
        1102    0.802377
        1103    0.801471
        1104    0.800523
        1105    0.799534
        1106    0.798504
        1107    0.797436
        1108    0.796331
        1109    0.795191
        1110    0.794018
        1111    0.792812
        1112    0.791576
        1113    0.790312
        1114    0.789022
        1115    0.787709
        1116    0.786375
        1117    0.785022
        1118    0.783651
        1119    0.782266
        1120    0.780868
        1121     0.77946
        1122    0.778044
        1123    0.776623
        1124      0.7752
        1125    0.773777
        1126    0.772356
        1127    0.770942
        1128    0.769537
        1129    0.768144
        1130    0.766766
        1131    0.765406
        1132    0.764067
        1133    0.762751
        1134    0.761461
        1135    0.760201
        1136    0.758972
        1137    0.757778
        1138    0.756623
        1139    0.755509
        1140     0.75444
        1141    0.753416
        1142     0.75244
        1143    0.751515
        1144    0.750643
        1145    0.749828
        1146     0.74907
        1147    0.748372
        1148    0.747738
        1149    0.747167
        1150    0.746662
        1151    0.746227
        1152    0.745862
        1153    0.745568
        1154    0.745347
        1155      0.7452
        1156    0.745129
        1157    0.745133
        1158    0.745214
        1159    0.745372
        1160    0.745607
        1161     0.74592
        1162    0.746312
        1163    0.746781
        1164    0.747329
        1165    0.747955
        1166    0.748658
        1167    0.749438
        1168    0.750293
        1169    0.751224
        1170    0.752229
        1171    0.753307
        1172    0.754457
        1173    0.755677
        1174    0.756966
        1175    0.758322
        1176    0.759744
        1177    0.761229
        1178    0.762775
        1179     0.76438
        1180    0.766041
        1181    0.767757
        1182    0.769522
        1183    0.771337
        1184    0.773198
        1185    0.775102
        1186    0.777046
        1187    0.779028
        1188    0.781045
        1189    0.783095
        1190    0.785174
        1191    0.787279
        1192    0.789408
        1193    0.791557
        1194    0.793721
        1195    0.795899
        1196    0.798087
        1197    0.800281
        1198     0.80248
        1199     0.80468
        1200    0.806878
        1201     0.80907
        1202    0.811255
        1203    0.813429
        1204    0.815589
        1205    0.817732
        1206    0.819855
        1207    0.821956
        1208    0.824032
        1209     0.82608
        1210    0.828098
        1211    0.830083
        1212    0.832031
        1213    0.833941
        1214    0.835809
        1215    0.837635
        1216    0.839415
        1217    0.841148
        1218    0.842832
        1219    0.844466
        1220    0.846046
        1221    0.847571
        1222     0.84904
        1223    0.850452
        1224    0.851806
        1225    0.853099
        1226    0.854331
        1227    0.855501
        1228    0.856608
        1229    0.857651
        1230    0.858629
        1231    0.859544
        1232    0.860396
        1233    0.861184
        1234    0.861908
        1235    0.862568
        1236    0.863163
        1237    0.863694
        1238    0.864163
        1239    0.864569
        1240    0.864915
        1241      0.8652
        1242    0.865425
        1243    0.865593
        1244    0.865704
        1245    0.865762
        1246    0.865767
        1247    0.865721
        1248    0.865625
        1249    0.865484
        1250    0.865299
        1251     0.86507
        1252    0.864803
        1253      0.8645
        1254    0.864163
        1255    0.863795
        1256    0.863398
        1257    0.862975
        1258    0.862527
        1259    0.862059
        1260    0.861573
        1261    0.861072
        1262    0.860559
        1263    0.860038
        1264    0.859512
        1265    0.858983
        1266    0.858454
        1267    0.857929
        1268    0.857409
        1269    0.856897
        1270    0.856397
        1271     0.85591
        1272    0.855439
        1273    0.854986
        1274    0.854552
        1275    0.854141
        1276    0.853755
        1277    0.853397
        1278    0.853068
        1279     0.85277
        1280    0.852504
        1281    0.852272
        1282    0.852077
        1283     0.85192
        1284    0.851802
        1285    0.851723
        1286    0.851685
        1287    0.851687
        1288    0.851732
        1289     0.85182
        1290     0.85195
        1291    0.852124
        1292    0.852342
        1293    0.852604
        1294    0.852909
        1295    0.853256
        1296    0.853647
        1297    0.854079
        1298    0.854553
        1299    0.855068
        1300    0.855625
        1301    0.856222
        1302    0.856857
        1303     0.85753
        1304    0.858238
        1305    0.858979
        1306    0.859751
        1307    0.860553
        1308    0.861382
        1309    0.862236
        1310    0.863114
        1311    0.864014
        1312    0.864933
        1313    0.865868
        1314    0.866816
        1315    0.867776
        1316    0.868743
        1317    0.869716
        1318    0.870692
        1319    0.871667
        1320    0.872641
        1321     0.87361
        1322    0.874572
        1323    0.875522
        1324    0.876459
        1325    0.877379
        1326     0.87828
        1327     0.87916
        1328    0.880015
        1329    0.880844
        1330    0.881644
        1331    0.882414
        1332    0.883148
        1333    0.883846
        1334    0.884505
        1335    0.885124
        1336    0.885702
        1337    0.886235
        1338    0.886723
        1339    0.887163
        1340    0.887552
        1341    0.887891
        1342    0.888177
        1343     0.88841
        1344    0.888589
        1345    0.888711
        1346    0.888776
        1347    0.888783
        1348    0.888732
        1349    0.888622
        1350    0.888451
        1351     0.88822
        1352    0.887929
        1353    0.887577
        1354    0.887163
        1355    0.886688
        1356    0.886151
        1357    0.885552
        1358    0.884891
        1359    0.884168
        1360    0.883383
        1361    0.882538
        1362    0.881632
        1363    0.880667
        1364    0.879644
        1365    0.878564
        1366    0.877426
        1367     0.87623
        1368    0.874978
        1369    0.873672
        1370    0.872313
        1371    0.870901
        1372    0.869436
        1373    0.867921
        1374    0.866357
        1375    0.864743
        1376    0.863082
        1377    0.861374
        1378     0.85962
        1379    0.857824
        1380    0.855985
        1381    0.854106
        1382    0.852187
        1383    0.850229
        1384    0.848235
        1385    0.846207
        1386    0.844146
        1387    0.842055
        1388    0.839933
        1389    0.837782
        1390    0.835605
        1391    0.833402
        1392    0.831174
        1393    0.828924
        1394    0.826654
        1395    0.824363
        1396    0.822055
        1397    0.819731
        1398    0.817392
        1399    0.815041
        1400    0.812679
        1401    0.810307
        1402    0.807927
        1403     0.80554
        1404    0.803148
        1405    0.800754
        1406    0.798358
        1407    0.795962
        1408    0.793566
        1409    0.791172
        1410    0.788783
        1411      0.7864
        1412    0.784024
        1413    0.781656
        1414      0.7793
        1415    0.776955
        1416    0.774623
        1417    0.772307
        1418    0.770008
        1419    0.767728
        1420    0.765467
        1421    0.763227
        1422    0.761012
        1423     0.75882
        1424    0.756655
        1425    0.754518
        1426    0.752411
        1427    0.750334
        1428     0.74829
        1429    0.746279
        1430    0.744302
        1431    0.742362
        1432     0.74046
        1433    0.738599
        1434    0.736778
        1435       0.735
        1436    0.733266
        1437    0.731577
        1438    0.729936
        1439    0.728344
        1440    0.726802
        1441     0.72531
        1442    0.723871
        1443    0.722485
        1444    0.721152
        1445    0.719876
        1446    0.718656
        1447    0.717495
        1448    0.716394
        1449    0.715352
        1450    0.714372
        1451    0.713454
        1452    0.712598
        1453    0.711806
        1454    0.711077
        1455    0.710413
        1456    0.709813
        1457    0.709279
        1458     0.70881
        1459    0.708407
        1460     0.70807
        1461    0.707799
        1462    0.707595
        1463    0.707455
        1464    0.707381
        1465    0.707373
        1466    0.707429
        1467    0.707551
        1468    0.707736
        1469    0.707985
        1470    0.708297
        1471     0.70867
        1472    0.709105
        1473    0.709599
        1474    0.710153
        1475    0.710765
        1476    0.711434
        1477    0.712161
        1478    0.712943
        1479    0.713779
        1480    0.714668
        1481    0.715609
        1482      0.7166
        1483    0.717639
        1484    0.718726
        1485    0.719858
        1486    0.721035
        1487    0.722256
        1488    0.723518
        1489    0.724819
        1490     0.72616
        1491    0.727537
        1492     0.72895
        1493    0.730397
        1494    0.731877
        1495    0.733389
        1496    0.734932
        1497    0.736504
        1498    0.738105
        1499    0.739733
        1500    0.741385
        1501    0.743062
        1502    0.744762
        1503    0.746483
        1504    0.748225
        1505    0.749987
        1506    0.751766
        1507    0.753563
        1508    0.755377
        1509    0.757205
        1510    0.759047
        1511    0.760901
        1512    0.762768
        1513    0.764646
        1514    0.766533
        1515     0.76843
        1516    0.770333
        1517    0.772242
        1518    0.774156
        1519    0.776072
        1520    0.777991
        1521    0.779911
        1522     0.78183
        1523    0.783747
        1524    0.785663
        1525    0.787574
        1526    0.789479
        1527    0.791377
        1528    0.793266
        1529    0.795146
        1530    0.797013
        1531    0.798866
        1532    0.800704
        1533    0.802524
        1534    0.804326
        1535    0.806108
        1536    0.807869
        1537    0.809606
        1538    0.811318
        1539    0.813004
        1540    0.814662
        1541    0.816289
        1542    0.817885
        1543    0.819448
        1544    0.820977
        1545    0.822471
        1546    0.823927
        1547    0.825345
        1548    0.826724
        1549    0.828062
        1550    0.829358
        1551     0.83061
        1552    0.831816
        1553    0.832977
        1554    0.834092
        1555    0.835159
        1556    0.836179
        1557    0.837149
        1558    0.838068
        1559    0.838935
        1560     0.83975
        1561    0.840512
        1562     0.84122
        1563    0.841875
        1564    0.842475
        1565     0.84302
        1566    0.843509
        1567    0.843943
        1568    0.844322
        1569    0.844646
        1570    0.844913
        1571    0.845124
        1572    0.845279
        1573    0.845378
        1574    0.845421
        1575    0.845409
        1576    0.845344
        1577    0.845224
        1578    0.845052
        1579    0.844825
        1580    0.844546
        1581    0.844215
        1582    0.843832
        1583    0.843398
        1584    0.842913
        1585    0.842379
        1586    0.841798
        1587    0.841171
        1588    0.840498
        1589    0.839779
        1590    0.839016
        1591     0.83821
        1592    0.837363
        1593    0.836476
        1594    0.835551
        1595    0.834589
        1596    0.833592
        1597    0.832562
        1598    0.831498
        1599    0.830403
        1600    0.829278
        1601    0.828124
        1602    0.826944
        1603    0.825738
        1604    0.824508
        1605    0.823257
        1606    0.821985
        1607    0.820695
        1608    0.819389
        1609    0.818069
        1610    0.816736
        1611    0.815392
        1612     0.81404
        1613    0.812683
        1614    0.811322
        1615    0.809959
        1616    0.808596
        1617    0.807235
        1618    0.805878
        1619    0.804527
        1620    0.803185
        1621    0.801851
        1622    0.800529
        1623    0.799217
        1624    0.797919
        1625    0.796637
        1626    0.795372
        1627    0.794126
        1628      0.7929
        1629    0.791697
        1630    0.790518
        1631    0.789365
        1632    0.788239
        1633    0.787142
        1634    0.786077
        1635    0.785044
        1636    0.784044
        1637    0.783079
        1638     0.78215
        1639    0.781261
        1640    0.780412
        1641    0.779604
        1642    0.778839
        1643    0.778117
        1644     0.77744
        1645     0.77681
        1646    0.776227
        1647    0.775691
        1648    0.775205
        1649    0.774769
        1650    0.774384
        1651    0.774051
        1652     0.77377
        1653    0.773542
        1654    0.773369
        1655     0.77325
        1656    0.773185
        1657    0.773174
        1658    0.773217
        1659    0.773317
        1660    0.773471
        1661     0.77368
        1662    0.773944
        1663    0.774262
        1664    0.774633
        1665    0.775057
        1666    0.775532
        1667    0.776059
        1668    0.776636
        1669    0.777262
        1670    0.777935
        1671    0.778654
        1672    0.779419
        1673    0.780228
        1674    0.781078
        1675    0.781968
        1676    0.782896
        1677    0.783861
        1678    0.784861
        1679    0.785893
        1680    0.786955
        1681    0.788045
        1682     0.78916
        1683    0.790298
        1684    0.791456
        1685    0.792632
        1686    0.793825
        1687    0.795031
        1688    0.796247
        1689    0.797472
        1690    0.798702
        1691    0.799936
        1692    0.801171
        1693    0.802404
        1694    0.803634
        1695    0.804858
        1696    0.806074
        1697    0.807279
        1698    0.808472
        1699     0.80965
        1700    0.810812
        1701    0.811954
        1702    0.813076
        1703    0.814175
        1704     0.81525
        1705    0.816299
        1706    0.817321
        1707    0.818313
        1708    0.819276
        1709    0.820208
        1710    0.821108
        1711    0.821976
        1712     0.82281
        1713    0.823608
        1714     0.82437
        1715    0.825097
        1716    0.825786
        1717    0.826439
        1718    0.827054
        1719    0.827631
        1720     0.82817
        1721    0.828673
        1722    0.829138
        1723    0.829566
        1724    0.829958
        1725    0.830313
        1726    0.830632
        1727    0.830917
        1728    0.831168
        1729    0.831387
        1730    0.831572
        1731    0.831725
        1732    0.831847
        1733    0.831939
        1734    0.832003
        1735     0.83204
        1736    0.832049
        1737    0.832033
        1738    0.831995
        1739    0.831933
        1740    0.831851
        1741    0.831747
        1742    0.831625
        1743    0.831484
        1744    0.831327
        1745    0.831154
        1746    0.830967
        1747    0.830767
        1748    0.830555
        1749    0.830331
        1750    0.830098
        1751    0.829855
        1752    0.829604
        1753    0.829347
        1754    0.829084
        1755    0.828817
        1756    0.828545
        1757    0.828269
        1758    0.827991
        1759    0.827711
        1760     0.82743
        1761    0.827148
        1762    0.826866
        1763    0.826583
        1764      0.8263
        1765    0.826019
        1766    0.825738
        1767    0.825459
        1768    0.825183
        1769    0.824909
        1770    0.824638
        1771     0.82437
        1772    0.824105
        1773    0.823842
        1774    0.823582
        1775    0.823324
        1776     0.82307
        1777    0.822818
        1778    0.822568
        1779    0.822321
        1780    0.822075
        1781    0.821832
        1782    0.821592
        1783    0.821353
        1784    0.821115
        1785    0.820878
        1786    0.820643
        1787    0.820409
        1788    0.820175
        1789    0.819943
        1790    0.819712
        1791    0.819482
        1792    0.819252
        1793    0.819023
        1794    0.818793
        1795    0.818564
        1796    0.818334
        1797    0.818103
        1798    0.817872
        1799     0.81764
        1800    0.817407
        1801    0.817172
        1802    0.816937
        1803      0.8167
        1804     0.81646
        1805    0.816218
        1806    0.815974
        1807    0.815728
        1808    0.815477
        1809    0.815224
        1810    0.814967
        1811    0.814706
        1812    0.814442
        1813    0.814174
        1814    0.813902
        1815    0.813624
        1816    0.813341
        1817    0.813053
        1818    0.812759
        1819    0.812458
        1820    0.812153
        1821    0.811841
        1822    0.811521
        1823    0.811195
        1824    0.810861
        1825    0.810519
        1826    0.810168
        1827    0.809808
        1828    0.809437
        1829    0.809057
        1830    0.808666
        1831    0.808265
        1832    0.807852
        1833    0.807427
        1834     0.80699
        1835    0.806541
        1836    0.806078
        1837    0.805602
        1838    0.805112
        1839    0.804607
        1840    0.804088
        1841    0.803555
        1842    0.803005
        1843     0.80244
        1844    0.801858
        1845     0.80126
        1846    0.800646
        1847    0.800013
        1848    0.799362
        1849    0.798694
        1850    0.798008
        1851    0.797303
        1852     0.79658
        1853    0.795838
        1854    0.795077
        1855    0.794297
        1856    0.793499
        1857    0.792681
        1858    0.791845
        1859    0.790991
        1860    0.790119
        1861    0.789228
        1862    0.788319
        1863    0.787392
        1864    0.786449
        1865    0.785489
        1866    0.784511
        1867    0.783517
        1868    0.782508
        1869    0.781484
        1870    0.780447
        1871    0.779397
        1872    0.778335
        1873    0.777262
        1874    0.776179
        1875    0.775088
        1876    0.773989
        1877    0.772884
        1878    0.771773
        1879    0.770658
        1880     0.76954
        1881    0.768422
        1882    0.767304
        1883    0.766189
        1884    0.765078
        1885    0.763974
        1886    0.762877
        1887    0.761791
        1888    0.760717
        1889    0.759656
        1890    0.758611
        1891    0.757582
        1892    0.756572
        1893    0.755582
        1894    0.754616
        1895    0.753674
        1896     0.75276
        1897    0.751876
        1898    0.751023
        1899    0.750204
        1900    0.749419
        1901    0.748671
        1902    0.747961
        1903    0.747292
        1904    0.746665
        1905    0.746082
        1906    0.745543
        1907    0.745051
        1908    0.744606
        1909    0.744209
        1910    0.743863
        1911    0.743569
        1912    0.743328
        1913    0.743142
        1914     0.74301
        1915    0.742933
        1916     0.74291
        1917    0.742943
        1918    0.743031
        1919    0.743174
        1920    0.743372
        1921    0.743625
        1922    0.743933
        1923    0.744295
        1924    0.744711
        1925     0.74518
        1926    0.745703
        1927    0.746278
        1928    0.746904
        1929     0.74758
        1930    0.748303
        1931    0.749073
        1932    0.749888
        1933    0.750746
        1934    0.751645
        1935    0.752583
        1936    0.753558
        1937    0.754569
        1938    0.755615
        1939    0.756691
        1940    0.757795
        1941    0.758925
        1942     0.76008
        1943    0.761256
        1944    0.762451
        1945    0.763662
        1946    0.764886
        1947    0.766122
        1948    0.767365
        1949    0.768615
        1950    0.769868
        1951    0.771122
        1952    0.772374
        1953    0.773621
        1954    0.774861
        1955     0.77609
        1956    0.777307
        1957    0.778508
        1958    0.779692
        1959    0.780854
        1960    0.781994
        1961    0.783109
        1962    0.784196
        1963    0.785255
        1964    0.786283
        1965    0.787278
        1966     0.78824
        1967    0.789166
        1968    0.790055
        1969    0.790905
        1970    0.791715
        1971    0.792484
        1972     0.79321
        1973    0.793893
        1974    0.794533
        1975    0.795129
        1976    0.795681
        1977    0.796189
        1978    0.796652
        1979    0.797073
        1980    0.797451
        1981    0.797786
        1982    0.798079
        1983    0.798332
        1984    0.798546
        1985    0.798721
        1986    0.798861
        1987    0.798967
        1988     0.79904
        1989    0.799082
        1990    0.799095
        1991    0.799084
        1992    0.799048
        1993     0.79899
        1994    0.798913
        1995     0.79882
        1996    0.798713
        1997    0.798595
        1998    0.798468
        1999    0.798337
        2000    0.798203
        2001    0.798073
        2002    0.797946
        2003    0.797827
        2004    0.797717
        2005     0.79762
        2006    0.797539
        2007    0.797478
        2008    0.797437
        2009     0.79742
        2010    0.797429
        2011    0.797465
        2012    0.797531
        2013     0.79763
        2014    0.797764
        2015    0.797934
        2016    0.798141
        2017    0.798388
        2018    0.798675
        2019    0.799004
        2020    0.799377
        2021    0.799793
        2022    0.800253
        2023    0.800759
        2024    0.801308
        2025    0.801903
        2026    0.802545
        2027    0.803231
        2028    0.803961
        2029    0.804736
        2030    0.805553
        2031    0.806412
        2032    0.807311
        2033    0.808249
        2034    0.809226
        2035     0.81024
        2036    0.811288
        2037    0.812369
        2038    0.813481
        2039    0.814622
        2040    0.815791
        2041    0.816985
        2042    0.818202
        2043    0.819441
        2044    0.820699
        2045    0.821975
        2046    0.823266
        2047     0.82457
        2048    0.825884
        2049    0.827208
        2050    0.828538
        2051    0.829872
        2052    0.831206
        2053    0.832538
        2054    0.833866
        2055    0.835188
        2056    0.836502
        2057    0.837806
        2058    0.839097
        2059    0.840374
        2060    0.841635
        2061    0.842878
        2062    0.844101
        2063    0.845303
        2064     0.84648
        2065    0.847633
        2066    0.848759
        2067    0.849855
        2068    0.850923
        2069    0.851959
        2070    0.852961
        2071    0.853928
        2072     0.85486
        2073    0.855755
        2074    0.856612
        2075    0.857431
        2076     0.85821
        2077    0.858949
        2078    0.859646
        2079    0.860301
        2080    0.860913
        2081    0.861482
        2082    0.862005
        2083    0.862483
        2084    0.862916
        2085    0.863302
        2086    0.863642
        2087    0.863935
        2088     0.86418
        2089    0.864376
        2090    0.864524
        2091    0.864624
        2092    0.864676
        2093    0.864679
        2094    0.864634
        2095     0.86454
        2096    0.864399
        2097     0.86421
        2098    0.863974
        2099    0.863691
        2100    0.863361
        2101    0.862985
        2102    0.862563
        2103    0.862094
        2104    0.861579
        2105     0.86102
        2106    0.860416
        2107    0.859768
        2108    0.859076
        2109     0.85834
        2110    0.857563
        2111    0.856743
        2112    0.855882
        2113     0.85498
        2114    0.854039
        2115    0.853058
        2116    0.852041
        2117    0.850986
        2118    0.849895
        2119     0.84877
        2120    0.847613
        2121    0.846424
        2122    0.845203
        2123    0.843952
        2124    0.842674
        2125    0.841368
        2126    0.840037
        2127    0.838681
        2128    0.837301
        2129      0.8359
        2130    0.834478
        2131    0.833039
        2132    0.831583
        2133    0.830114
        2134    0.828632
        2135    0.827141
        2136    0.825641
        2137    0.824137
        2138    0.822629
        2139    0.821118
        2140    0.819607
        2141    0.818099
        2142    0.816596
        2143    0.815101
        2144    0.813616
        2145    0.812144
        2146    0.810687
        2147    0.809247
        2148    0.807827
        2149     0.80643
        2150    0.805058
        2151    0.803715
        2152    0.802401
        2153    0.801119
        2154    0.799873
        2155    0.798664
        2156    0.797495
        2157    0.796369
        2158    0.795288
        2159    0.794253
        2160    0.793268
        2161    0.792332
        2162    0.791451
        2163    0.790625
        2164    0.789856
        2165    0.789145
        2166    0.788493
        2167    0.787902
        2168    0.787372
        2169    0.786903
        2170    0.786499
        2171     0.78616
        2172    0.785886
        2173    0.785677
        2174    0.785532
        2175    0.785452
        2176    0.785437
        2177    0.785488
        2178    0.785603
        2179    0.785781
        2180    0.786023
        2181    0.786327
        2182    0.786691
        2183    0.787115
        2184    0.787597
        2185    0.788136
        2186    0.788729
        2187    0.789376
        2188    0.790076
        2189    0.790826
        2190    0.791623
        2191    0.792466
        2192    0.793351
        2193    0.794277
        2194     0.79524
        2195    0.796238
        2196    0.797268
        2197    0.798327
        2198    0.799412
        2199    0.800519
        2200    0.801647
        2201    0.802791
        2202    0.803949
        2203    0.805118
        2204    0.806296
        2205    0.807478
        2206     0.80866
        2207     0.80984
        2208    0.811013
        2209    0.812177
        2210     0.81333
        2211    0.814467
        2212    0.815585
        2213    0.816681
        2214    0.817752
        2215    0.818794
        2216    0.819806
        2217    0.820785
        2218    0.821727
        2219    0.822631
        2220    0.823494
        2221    0.824314
        2222    0.825087
        2223    0.825812
        2224    0.826488
        2225    0.827111
        2226    0.827682
        2227    0.828198
        2228    0.828658
        2229    0.829058
        2230      0.8294
        2231    0.829682
        2232    0.829902
        2233    0.830061
        2234    0.830158
        2235    0.830195
        2236    0.830169
        2237    0.830082
        2238    0.829934
        2239    0.829724
        2240    0.829455
        2241    0.829128
        2242    0.828742
        2243    0.828301
        2244    0.827804
        2245    0.827254
        2246    0.826653
        2247    0.826003
        2248    0.825305
        2249    0.824562
        2250    0.823777
        2251    0.822952
        2252    0.822088
        2253    0.821188
        2254    0.820255
        2255    0.819293
        2256    0.818304
        2257     0.81729
        2258    0.816254
        2259    0.815197
        2260    0.814122
        2261    0.813032
        2262    0.811931
        2263    0.810821
        2264    0.809703
        2265     0.80858
        2266    0.807454
        2267    0.806329
        2268    0.805205
        2269    0.804085
        2270     0.80297
        2271    0.801861
        2272     0.80076
        2273     0.79967
        2274    0.798591
        2275    0.797523
        2276    0.796468
        2277    0.795428
        2278    0.794403
        2279    0.793394
        2280    0.792402
        2281    0.791424
        2282    0.790462
        2283    0.789516
        2284    0.788586
        2285    0.787671
        2286    0.786773
        2287     0.78589
        2288    0.785022
        2289     0.78417
        2290    0.783335
        2291    0.782513
        2292    0.781705
        2293    0.780911
        2294    0.780129
        2295    0.779359
        2296      0.7786
        2297    0.777852
        2298    0.777114
        2299    0.776385
        2300    0.775664
        2301    0.774951
        2302    0.774245
        2303    0.773546
        2304    0.772852
        2305    0.772163
        2306    0.771478
        2307    0.770798
        2308    0.770122
        2309    0.769449
        2310    0.768779
        2311    0.768111
        2312    0.767445
        2313    0.766781
        2314    0.766118
        2315    0.765456
        2316    0.764794
        2317    0.764132
        2318    0.763471
        2319    0.762809
        2320    0.762146
        2321    0.761483
        2322    0.760819
        2323    0.760155
        2324     0.75949
        2325    0.758825
        2326    0.758158
        2327     0.75749
        2328    0.756822
        2329    0.756152
        2330    0.755483
        2331    0.754813
        2332    0.754143
        2333    0.753474
        2334    0.752804
        2335    0.752134
        2336    0.751466
        2337    0.750799
        2338    0.750134
        2339     0.74947
        2340     0.74881
        2341    0.748153
        2342    0.747499
        2343    0.746848
        2344    0.746202
        2345     0.74556
        2346    0.744923
        2347    0.744292
        2348    0.743669
        2349    0.743053
        2350    0.742445
        2351    0.741846
        2352    0.741256
        2353    0.740677
        2354    0.740109
        2355    0.739553
        2356     0.73901
        2357    0.738479
        2358    0.737963
        2359    0.737462
        2360    0.736978
        2361    0.736511
        2362    0.736062
        2363    0.735632
        2364    0.735221
        2365    0.734833
        2366    0.734467
        2367    0.734124
        2368    0.733806
        2369    0.733512
        2370    0.733245
        2371    0.733004
        2372    0.732792
        2373    0.732609
        2374    0.732456
        2375    0.732334
        2376    0.732244
        2377    0.732188
        2378    0.732167
        2379     0.73218
        2380    0.732228
        2381    0.732312
        2382    0.732433
        2383    0.732592
        2384     0.73279
        2385    0.733026
        2386    0.733303
        2387    0.733621
        2388    0.733978
        2389    0.734376
        2390    0.734815
        2391    0.735294
        2392    0.735815
        2393    0.736375
        2394    0.736975
        2395    0.737615
        2396    0.738295
        2397    0.739014
        2398    0.739773
        2399     0.74057
        2400    0.741406
        2401    0.742279
        2402     0.74319
        2403    0.744134
        2404    0.745113
        2405    0.746126
        2406    0.747171
        2407    0.748246
        2408     0.74935
        2409    0.750481
        2410    0.751638
        2411     0.75282
        2412    0.754024
        2413    0.755249
        2414    0.756494
        2415    0.757757
        2416    0.759035
        2417    0.760328
        2418    0.761633
        2419     0.76295
        2420    0.764276
        2421    0.765607
        2422    0.766944
        2423    0.768283
        2424    0.769622
        2425    0.770961
        2426    0.772297
        2427     0.77363
        2428    0.774958
        2429    0.776278
        2430    0.777589
        2431    0.778888
        2432    0.780175
        2433    0.781449
        2434    0.782707
        2435    0.783949
        2436    0.785174
        2437     0.78638
        2438    0.787566
        2439    0.788732
        2440    0.789876
        2441    0.790995
        2442    0.792091
        2443    0.793161
        2444    0.794206
        2445    0.795224
        2446    0.796216
        2447    0.797181
        2448    0.798116
        2449    0.799024
        2450    0.799902
        2451    0.800752
        2452    0.801571
        2453    0.802359
        2454    0.803117
        2455    0.803844
        2456    0.804541
        2457    0.805206
        2458     0.80584
        2459    0.806443
        2460    0.807016
        2461    0.807559
        2462    0.808072
        2463    0.808557
        2464    0.809011
        2465    0.809436
        2466    0.809831
        2467    0.810196
        2468    0.810532
        2469    0.810839
        2470    0.811118
        2471    0.811369
        2472    0.811594
        2473    0.811792
        2474    0.811964
        2475    0.812109
        2476    0.812229
        2477    0.812324
        2478    0.812394
        2479    0.812438
        2480    0.812459
        2481    0.812456
        2482    0.812432
        2483    0.812386
        2484    0.812317
        2485    0.812226
        2486    0.812114
        2487    0.811981
        2488    0.811827
        2489    0.811654
        2490    0.811461
        2491     0.81125
        2492     0.81102
        2493    0.810772
        2494    0.810507
        2495    0.810223
        2496    0.809923
        2497    0.809605
        2498    0.809271
        2499     0.80892
        2500    0.808555
        2501    0.808175
        2502    0.807782
        2503    0.807374
        2504    0.806954
        2505    0.806521
        2506    0.806076
        2507    0.805621
        2508    0.805156
        2509    0.804681
        2510    0.804198
        2511    0.803708
        2512    0.803213
        2513    0.802713
        2514    0.802209
        2515    0.801702
        2516    0.801194
        2517    0.800684
        2518    0.800174
        2519    0.799666
        2520    0.799162
        2521    0.798661
        2522    0.798166
        2523    0.797678
        2524      0.7972
        2525    0.796732
        2526    0.796276
        2527    0.795832
        2528    0.795403
        2529     0.79499
        2530    0.794595
        2531    0.794219
        2532    0.793863
        2533    0.793529
        2534    0.793217
        2535     0.79293
        2536    0.792668
        2537    0.792435
        2538     0.79223
        2539    0.792055
        2540     0.79191
        2541    0.791797
        2542    0.791717
        2543    0.791672
        2544    0.791661
        2545    0.791685
        2546    0.791748
        2547    0.791847
        2548    0.791985
        2549    0.792161
        2550    0.792376
        2551     0.79263
        2552    0.792924
        2553    0.793259
        2554    0.793634
        2555     0.79405
        2556    0.794506
        2557    0.795002
        2558    0.795537
        2559    0.796112
        2560    0.796725
        2561    0.797379
        2562    0.798072
        2563    0.798803
        2564    0.799572
        2565    0.800379
        2566    0.801221
        2567    0.802099
        2568    0.803011
        2569    0.803957
        2570    0.804935
        2571    0.805946
        2572    0.806989
        2573    0.808064
        2574    0.809168
        2575    0.810302
        2576    0.811465
        2577    0.812654
        2578     0.81387
        2579    0.815112
        2580    0.816378
        2581    0.817668
        2582    0.818982
        2583    0.820317
        2584    0.821673
        2585    0.823049
        2586    0.824445
        2587    0.825857
        2588    0.827288
        2589    0.828736
        2590    0.830199
        2591    0.831678
        2592     0.83317
        2593    0.834676
        2594    0.836194
        2595    0.837724
        2596    0.839265
        2597    0.840816
        2598    0.842377
        2599    0.843947
        2600    0.845524
        2601    0.847106
        2602    0.848694
        2603    0.850287
        2604    0.851883
        2605    0.853481
        2606     0.85508
        2607    0.856678
        2608    0.858274
        2609    0.859868
        2610    0.861457
        2611     0.86304
        2612    0.864616
        2613    0.866183
        2614     0.86774
        2615    0.869285
        2616    0.870816
        2617    0.872334
        2618    0.873835
        2619    0.875319
        2620    0.876782
        2621    0.878224
        2622    0.879642
        2623    0.881034
        2624    0.882398
        2625    0.883732
        2626    0.885035
        2627    0.886304
        2628    0.887537
        2629    0.888732
        2630    0.889886
        2631    0.890998
        2632    0.892065
        2633    0.893087
        2634     0.89406
        2635    0.894983
        2636    0.895853
        2637    0.896668
        2638    0.897427
        2639     0.89813
        2640    0.898774
        2641    0.899359
        2642    0.899881
        2643    0.900338
        2644    0.900729
        2645    0.901054
        2646    0.901311
        2647    0.901498
        2648    0.901615
        2649    0.901659
        2650    0.901629
        2651    0.901526
        2652    0.901348
        2653    0.901095
        2654    0.900768
        2655    0.900364
        2656    0.899882
        2657    0.899322
        2658    0.898685
        2659     0.89797
        2660    0.897177
        2661    0.896307
        2662    0.895362
        2663    0.894339
        2664    0.893242
        2665    0.892069
        2666     0.89082
        2667    0.889498
        2668    0.888104
        2669    0.886638
        2670    0.885102
        2671    0.883496
        2672    0.881822
        2673    0.880082
        2674    0.878277
        2675    0.876409
        2676    0.874479
        2677    0.872489
        2678    0.870442
        2679    0.868339
        2680    0.866181
        2681    0.863972
        2682    0.861714
        2683    0.859408
        2684    0.857057
        2685    0.854663
        2686    0.852228
        2687    0.849756
        2688    0.847249
        2689    0.844709
        2690    0.842139
        2691    0.839542
        2692     0.83692
        2693    0.834275
        2694     0.83161
        2695     0.82893
        2696    0.826237
        2697    0.823533
        2698    0.820821
        2699    0.818103
        2700    0.815384
        2701    0.812665
        2702    0.809948
        2703    0.807236
        2704    0.804532
        2705    0.801839
        2706     0.79916
        2707    0.796497
        2708    0.793852
        2709    0.791228
        2710    0.788627
        2711    0.786053
        2712    0.783507
        2713    0.780992
        2714     0.77851
        2715    0.776063
        2716    0.773653
        2717    0.771282
        2718    0.768951
        2719    0.766663
        2720    0.764419
        2721     0.76222
        2722    0.760067
        2723     0.75796
        2724    0.755902
        2725    0.753894
        2726    0.751937
        2727    0.750032
        2728    0.748179
        2729    0.746379
        2730    0.744633
        2731    0.742941
        2732    0.741303
        2733     0.73972
        2734     0.73819
        2735    0.736715
        2736    0.735294
        2737    0.733927
        2738    0.732613
        2739     0.73135
        2740     0.73014
        2741    0.728981
        2742    0.727873
        2743    0.726816
        2744    0.725807
        2745    0.724847
        2746    0.723934
        2747    0.723066
        2748    0.722243
        2749    0.721463
        2750    0.720725
        2751    0.720028
        2752    0.719372
        2753    0.718754
        2754    0.718172
        2755    0.717627
        2756    0.717115
        2757    0.716636
        2758    0.716189
        2759    0.715773
        2760    0.715386
        2761    0.715028
        2762    0.714698
        2763    0.714394
        2764    0.714115
        2765     0.71386
        2766    0.713628
        2767    0.713417
        2768    0.713226
        2769    0.713056
        2770    0.712906
        2771    0.712775
        2772    0.712663
        2773    0.712569
        2774    0.712494
        2775    0.712436
        2776    0.712397
        2777    0.712375
        2778    0.712372
        2779    0.712386
        2780    0.712418
        2781    0.712468
        2782    0.712536
        2783    0.712622
        2784    0.712725
        2785    0.712845
        2786    0.712984
        2787    0.713141
        2788    0.713318
        2789    0.713514
        2790    0.713731
        2791    0.713967
        2792    0.714224
        2793    0.714502
        2794    0.714802
        2795    0.715124
        2796    0.715468
        2797    0.715835
        2798    0.716226
        2799    0.716642
        2800    0.717082
        2801    0.717546
        2802    0.718037
        2803    0.718553
        2804    0.719096
        2805    0.719665
        2806    0.720262
        2807    0.720885
        2808    0.721536
        2809    0.722215
        2810    0.722921
        2811    0.723654
        2812    0.724416
        2813    0.725206
        2814    0.726023
        2815    0.726868
        2816     0.72774
        2817    0.728639
        2818    0.729565
        2819    0.730518
        2820    0.731498
        2821    0.732504
        2822    0.733536
        2823    0.734594
        2824    0.735678
        2825    0.736786
        2826    0.737917
        2827    0.739071
        2828    0.740246
        2829    0.741442
        2830    0.742659
        2831    0.743895
        2832     0.74515
        2833    0.746423
        2834    0.747713
        2835     0.74902
        2836    0.750342
        2837    0.751679
        2838    0.753029
        2839    0.754391
        2840    0.755764
        2841    0.757147
        2842    0.758539
        2843     0.75994
        2844    0.761348
        2845    0.762764
        2846    0.764187
        2847    0.765614
        2848    0.767046
        2849    0.768481
        2850     0.76992
        2851    0.771361
        2852    0.772801
        2853    0.774241
        2854    0.775679
        2855    0.777114
        2856    0.778546
        2857    0.779975
        2858    0.781398
        2859    0.782814
        2860    0.784224
        2861    0.785624
        2862    0.787015
        2863    0.788396
        2864    0.789765
        2865    0.791123
        2866    0.792469
        2867      0.7938
        2868    0.795117
        2869    0.796419
        2870    0.797704
        2871    0.798971
        2872     0.80022
        2873     0.80145
        2874    0.802659
        2875    0.803847
        2876    0.805013
        2877    0.806155
        2878    0.807273
        2879    0.808365
        2880    0.809431
        2881    0.810468
        2882    0.811477
        2883    0.812455
        2884    0.813402
        2885    0.814317
        2886    0.815198
        2887    0.816043
        2888    0.816853
        2889    0.817625
        2890    0.818359
        2891    0.819053
        2892    0.819705
        2893    0.820316
        2894    0.820884
        2895    0.821408
        2896    0.821887
        2897    0.822321
        2898    0.822708
        2899    0.823047
        2900    0.823336
        2901    0.823575
        2902    0.823763
        2903    0.823899
        2904    0.823983
        2905    0.824014
        2906    0.823993
        2907    0.823919
        2908    0.823793
        2909    0.823614
        2910    0.823383
        2911      0.8231
        2912    0.822764
        2913    0.822377
        2914     0.82194
        2915    0.821455
        2916    0.820924
        2917    0.820346
        2918    0.819725
        2919     0.81906
        2920    0.818354
        2921     0.81761
        2922    0.816829
        2923    0.816015
        2924    0.815171
        2925    0.814301
        2926    0.813407
        2927    0.812493
        2928    0.811563
        2929    0.810621
        2930     0.80967
        2931    0.808717
        2932    0.807765
        2933    0.806819
        2934    0.805883
        2935    0.804962
        2936    0.804061
        2937    0.803185
        2938    0.802337
        2939    0.801523
        2940    0.800746
        2941    0.800012
        2942    0.799324
        2943    0.798686
        2944    0.798104
        2945    0.797581
        2946    0.797118
        2947    0.796718
        2948    0.796386
        2949    0.796123
        2950     0.79593
        2951    0.795809
        2952     0.79576
        2953    0.795786
        2954    0.795884
        2955    0.796055
        2956    0.796299
        2957    0.796614
        2958    0.796999
        2959    0.797453
        2960    0.797974
        2961    0.798558
        2962    0.799204
        2963    0.799909
        2964    0.800669
        2965    0.801482
        2966    0.802345
        2967    0.803253
        2968    0.804203
        2969    0.805191
        2970    0.806215
        2971    0.807272
        2972    0.808356
        2973    0.809467
        2974    0.810601
        2975    0.811752
        2976    0.812919
        2977    0.814098
        2978    0.815287
        2979    0.816482
        2980     0.81768
        2981     0.81888
        2982    0.820079
        2983    0.821274
        2984    0.822464
        2985    0.823647
        2986    0.824822
        2987    0.825987
        2988     0.82714
        2989     0.82828
        2990    0.829405
        2991    0.830513
        2992    0.831604
        2993    0.832678
        2994    0.833731
        2995    0.834766
        2996    0.835779
        2997    0.836771
        2998    0.837741
        2999    0.838687
        3000     0.83961
