           1       1.979
           2     1.97898
           3     1.97893
           4     1.97884
           5     1.97871
           6     1.97855
           7     1.97835
           8     1.97811
           9     1.97784
          10     1.97753
          11     1.97718
          12      1.9768
          13     1.97638
          14     1.97592
          15     1.97542
          16     1.97488
          17     1.97431
          18      1.9737
          19     1.97304
          20     1.97235
          21     1.97161
          22     1.97084
          23     1.97002
          24     1.96916
          25     1.96825
          26      1.9673
          27     1.96631
          28     1.96527
          29     1.96418
          30     1.96305
          31     1.96187
          32     1.96064
          33     1.95935
          34     1.95802
          35     1.95664
          36      1.9552
          37     1.95371
          38     1.95216
          39     1.95056
          40      1.9489
          41     1.94718
          42      1.9454
          43     1.94356
          44     1.94166
          45     1.93969
          46     1.93766
          47     1.93557
          48      1.9334
          49     1.93117
          50     1.92886
          51     1.92648
          52     1.92403
          53      1.9215
          54     1.91889
          55      1.9162
          56     1.91343
          57     1.91058
          58     1.90765
          59     1.90463
          60     1.90152
          61     1.89832
          62     1.89503
          63     1.89164
          64     1.88816
          65     1.88459
          66     1.88091
          67     1.87713
          68     1.87325
          69     1.86926
          70     1.86517
          71     1.86097
          72     1.85665
          73     1.85222
          74     1.84768
          75     1.84303
          76     1.83825
          77     1.83336
          78     1.82834
          79     1.82321
          80     1.81794
          81     1.81255
          82     1.80704
          83     1.80139
          84     1.79562
          85     1.78971
          86     1.78367
          87      1.7775
          88     1.77119
          89     1.76475
          90     1.75817
          91     1.75145
          92      1.7446
          93     1.73761
          94     1.73049
          95     1.72323
          96     1.71583
          97     1.70829
          98     1.70062
          99     1.69282
         100     1.68488
         101     1.67681
         102     1.66861
         103     1.66028
         104     1.65183
         105     1.64325
         106     1.63455
         107     1.62573
         108     1.61679
         109     1.60775
         110     1.59859
         111     1.58933
         112     1.57997
         113     1.57052
         114     1.56097
         115     1.55133
         116     1.54161
         117     1.53182
         118     1.52195
         119     1.51202
         120     1.50202
         121     1.49198
         122     1.48189
         123     1.47175
         124     1.46159
         125      1.4514
         126     1.44119
         127     1.43096
         128     1.42073
         129      1.4105
         130     1.40029
         131     1.39009
         132     1.37992
         133     1.36978
         134     1.35967
         135     1.34962
         136     1.33961
         137     1.32967
         138      1.3198
         139        1.31
         140     1.30029
         141     1.29066
         142     1.28113
         143      1.2717
         144     1.26238
         145     1.25318
         146     1.24409
         147     1.23513
         148     1.22631
         149     1.21762
         150     1.20907
         151     1.20067
         152     1.19242
         153     1.18432
         154     1.17639
         155     1.16861
         156     1.16101
         157     1.15357
         158      1.1463
         159     1.13921
         160      1.1323
         161     1.12557
         162     1.11902
         163     1.11265
         164     1.10647
         165     1.10048
         166     1.09467
         167     1.08905
         168     1.08361
         169     1.07837
         170     1.07331
         171     1.06844
         172     1.06375
         173     1.05925
         174     1.05494
         175     1.05081
         176     1.04686
         177      1.0431
         178     1.03951
         179      1.0361
         180     1.03286
         181      1.0298
         182      1.0269
         183     1.02418
         184     1.02162
         185     1.01922
         186     1.01698
         187     1.01489
         188     1.01296
         189     1.01118
         190     1.00955
         191     1.00805
         192      1.0067
         193     1.00548
         194      1.0044
         195     1.00344
         196     1.00261
         197      1.0019
         198      1.0013
         199     1.00082
         200     1.00045
         201     1.00019
         202     1.00003
         203    0.999967
         204    0.999999
         205     1.00012
         206     1.00033
         207     1.00063
         208       1.001
         209     1.00145
         210     1.00197
         211     1.00256
         212     1.00321
         213     1.00393
         214      1.0047
         215     1.00553
         216     1.00641
         217     1.00734
         218     1.00831
         219     1.00932
         220     1.01036
         221     1.01144
         222     1.01255
         223     1.01369
         224     1.01485
         225     1.01603
         226     1.01722
         227     1.01844
         228     1.01966
         229     1.02089
         230     1.02213
         231     1.02338
         232     1.02462
         233     1.02587
         234     1.02711
         235     1.02835
         236     1.02958
         237      1.0308
         238     1.03201
         239     1.03322
         240     1.03441
         241     1.03558
         242     1.03675
         243      1.0379
         244     1.03903
         245     1.04015
         246     1.04125
         247     1.04234
         248     1.04341
         249     1.04446
         250      1.0455
         251     1.04653
         252     1.04754
         253     1.04854
         254     1.04953
         255     1.05051
         256     1.05148
         257     1.05244
         258      1.0534
         259     1.05435
         260      1.0553
         261     1.05625
         262      1.0572
         263     1.05815
         264     1.05911
         265     1.06007
         266     1.06105
         267     1.06204
         268     1.06303
         269     1.06405
         270     1.06507
         271     1.06612
         272     1.06718
         273     1.06826
         274     1.06936
         275     1.07048
         276     1.07163
         277     1.07279
         278     1.07398
         279      1.0752
         280     1.07643
         281     1.07769
         282     1.07898
         283     1.08028
         284     1.08161
         285     1.08295
         286     1.08432
         287      1.0857
         288     1.08711
         289     1.08852
         290     1.08996
         291      1.0914
         292     1.09286
         293     1.09432
         294      1.0958
         295     1.09727
         296     1.09875
         297     1.10023
         298     1.10171
         299     1.10319
         300     1.10466
         301     1.10612
         302     1.10757
         303     1.10901
         304     1.11044
         305     1.11185
         306     1.11324
         307     1.11461
         308     1.11597
         309     1.11729
         310      1.1186
         311     1.11987
         312     1.12112
         313     1.12234
         314     1.12353
         315     1.12469
         316     1.12581
         317      1.1269
         318     1.12796
         319     1.12898
         320     1.12997
         321     1.13092
         322     1.13183
         323      1.1327
         324     1.13354
         325     1.13434
         326     1.13509
         327     1.13581
         328     1.13649
         329     1.13713
         330     1.13773
         331     1.13829
         332     1.13881
         333     1.13929
         334     1.13973
         335     1.14013
         336     1.14049
         337     1.14081
         338     1.14108
         339     1.14132
         340     1.14152
         341     1.14169
         342     1.14181
         343     1.14189
         344     1.14193
         345     1.14193
         346     1.14189
         347     1.14181
         348     1.14169
         349     1.14152
         350     1.14132
         351     1.14108
         352      1.1408
         353     1.14048
         354     1.14012
         355     1.13971
         356     1.13927
         357     1.13878
         358     1.13825
         359     1.13768
         360     1.13707
         361     1.13641
         362     1.13571
         363     1.13497
         364     1.13418
         365     1.13335
         366     1.13248
         367     1.13156
         368      1.1306
         369     1.12959
         370     1.12855
         371     1.12746
         372     1.12632
         373     1.12514
         374     1.12392
         375     1.12266
         376     1.12136
         377     1.12001
         378     1.11862
         379      1.1172
         380     1.11573
         381     1.11423
         382     1.11269
         383     1.11111
         384      1.1095
         385     1.10785
         386     1.10617
         387     1.10446
         388     1.10272
         389     1.10096
         390     1.09917
         391     1.09735
         392     1.09552
         393     1.09367
         394      1.0918
         395     1.08991
         396     1.08802
         397     1.08611
         398      1.0842
         399     1.08228
         400     1.08036
         401     1.07845
         402     1.07654
         403     1.07463
         404     1.07274
         405     1.07085
         406     1.06899
         407     1.06714
         408     1.06532
         409     1.06352
         410     1.06174
         411        1.06
         412     1.05829
         413     1.05661
         414     1.05498
         415     1.05338
         416     1.05183
         417     1.05032
         418     1.04886
         419     1.04745
         420      1.0461
         421      1.0448
         422     1.04355
         423     1.04236
         424     1.04124
         425     1.04017
         426     1.03916
         427     1.03822
         428     1.03735
         429     1.03654
         430      1.0358
         431     1.03512
         432     1.03451
         433     1.03397
         434      1.0335
         435      1.0331
         436     1.03276
         437      1.0325
         438      1.0323
         439     1.03217
         440      1.0321
         441     1.03211
         442     1.03218
         443     1.03231
         444     1.03252
         445     1.03278
         446     1.03311
         447      1.0335
         448     1.03395
         449     1.03446
         450     1.03503
         451     1.03566
         452     1.03634
         453     1.03708
         454     1.03787
         455     1.03872
         456     1.03961
         457     1.04056
         458     1.04155
         459     1.04259
         460     1.04368
         461     1.04481
         462     1.04598
         463     1.04719
         464     1.04845
         465     1.04974
         466     1.05107
         467     1.05244
         468     1.05384
         469     1.05527
         470     1.05674
         471     1.05823
         472     1.05975
         473      1.0613
         474     1.06288
         475     1.06448
         476     1.06611
         477     1.06775
         478     1.06942
         479     1.07111
         480     1.07281
         481     1.07453
         482     1.07627
         483     1.07802
         484     1.07978
         485     1.08156
         486     1.08334
         487     1.08513
         488     1.08693
         489     1.08873
         490     1.09054
         491     1.09235
         492     1.09416
         493     1.09597
         494     1.09777
         495     1.09958
         496     1.10137
         497     1.10316
         498     1.10493
         499      1.1067
         500     1.10845
         501     1.11019
         502     1.11191
         503     1.11361
         504     1.11528
         505     1.11694
         506     1.11856
         507     1.12016
         508     1.12173
         509     1.12327
         510     1.12477
         511     1.12624
         512     1.12767
         513     1.12906
         514      1.1304
         515     1.13171
         516     1.13296
         517     1.13417
         518     1.13533
         519     1.13644
         520     1.13749
         521     1.13849
         522     1.13943
         523     1.14032
         524     1.14114
         525     1.14191
         526     1.14261
         527     1.14325
         528     1.14383
         529     1.14434
         530     1.14479
         531     1.14517
         532     1.14548
         533     1.14573
         534     1.14591
         535     1.14602
         536     1.14606
         537     1.14603
         538     1.14594
         539     1.14577
         540     1.14554
         541     1.14523
         542     1.14486
         543     1.14442
         544     1.14391
         545     1.14333
         546     1.14268
         547     1.14197
         548     1.14119
         549     1.14035
         550     1.13944
         551     1.13847
         552     1.13744
         553     1.13634
         554     1.13519
         555     1.13398
         556     1.13271
         557     1.13138
         558        1.13
         559     1.12856
         560     1.12708
         561     1.12554
         562     1.12396
         563     1.12233
         564     1.12066
         565     1.11895
         566      1.1172
         567     1.11542
         568      1.1136
         569     1.11175
         570     1.10988
         571     1.10798
         572     1.10606
         573     1.10412
         574     1.10217
         575     1.10021
         576     1.09824
         577     1.09627
         578      1.0943
         579     1.09233
         580     1.09037
         581     1.08842
         582      1.0865
         583     1.08459
         584     1.08271
         585     1.08086
         586     1.07904
         587     1.07727
         588     1.07553
         589     1.07385
         590     1.07222
         591     1.07064
         592     1.06913
         593     1.06768
         594      1.0663
         595       1.065
         596     1.06378
         597     1.06264
         598     1.06158
         599     1.06062
         600     1.05976
         601     1.05899
         602     1.05832
         603     1.05776
         604     1.05731
         605     1.05697
         606     1.05674
         607     1.05662
         608     1.05662
         609     1.05673
         610     1.05697
         611     1.05732
         612     1.05778
         613     1.05836
         614     1.05906
         615     1.05987
         616      1.0608
         617     1.06183
         618     1.06296
         619      1.0642
         620     1.06554
         621     1.06698
         622      1.0685
         623     1.07011
         624     1.07181
         625     1.07358
         626     1.07542
         627     1.07733
         628      1.0793
         629     1.08133
         630     1.08341
         631     1.08553
         632      1.0877
         633      1.0899
         634     1.09214
         635      1.0944
         636     1.09668
         637     1.09898
         638      1.1013
         639     1.10362
         640     1.10595
         641     1.10828
         642     1.11062
         643     1.11294
         644     1.11527
         645     1.11758
         646     1.11988
         647     1.12216
         648     1.12443
         649     1.12668
         650     1.12891
         651     1.13111
         652     1.13329
         653     1.13544
         654     1.13757
         655     1.13966
         656     1.14172
         657     1.14375
         658     1.14575
         659     1.14771
         660     1.14963
         661     1.15151
         662     1.15335
         663     1.15515
         664      1.1569
         665     1.15861
         666     1.16027
         667     1.16187
         668     1.16343
         669     1.16493
         670     1.16637
         671     1.16776
         672     1.16909
         673     1.17035
         674     1.17155
         675     1.17269
         676     1.17375
         677     1.17475
         678     1.17567
         679     1.17652
         680      1.1773
         681       1.178
         682     1.17862
         683     1.17915
         684     1.17961
         685     1.17998
         686     1.18027
         687     1.18047
         688     1.18059
         689     1.18061
         690     1.18055
         691      1.1804
         692     1.18016
         693     1.17983
         694     1.17941
         695     1.17891
         696     1.17831
         697     1.17763
         698     1.17685
         699     1.17599
         700     1.17505
         701     1.17402
         702      1.1729
         703      1.1717
         704     1.17043
         705     1.16907
         706     1.16764
         707     1.16613
         708     1.16454
         709     1.16289
         710     1.16117
         711     1.15938
         712     1.15753
         713     1.15562
         714     1.15365
         715     1.15162
         716     1.14955
         717     1.14742
         718     1.14525
         719     1.14304
         720     1.14078
         721     1.13849
         722     1.13615
         723     1.13379
         724      1.1314
         725     1.12898
         726     1.12653
         727     1.12406
         728     1.12157
         729     1.11907
         730     1.11654
         731       1.114
         732     1.11145
         733     1.10889
         734     1.10631
         735     1.10373
         736     1.10114
         737     1.09855
         738     1.09595
         739     1.09335
         740     1.09075
         741     1.08815
         742     1.08556
         743     1.08296
         744     1.08037
         745     1.07779
         746     1.07521
         747     1.07264
         748     1.07008
         749     1.06753
         750     1.06499
         751     1.06247
         752     1.05996
         753     1.05747
         754       1.055
         755     1.05255
         756     1.05012
         757     1.04772
         758     1.04534
         759     1.04299
         760     1.04067
         761     1.03838
         762     1.03612
         763      1.0339
         764     1.03172
         765     1.02958
         766     1.02748
         767     1.02543
         768     1.02342
         769     1.02146
         770     1.01956
         771      1.0177
         772      1.0159
         773     1.01416
         774     1.01248
         775     1.01085
         776     1.00929
         777     1.00779
         778     1.00636
         779     1.00499
         780     1.00368
         781     1.00245
         782     1.00128
         783     1.00019
         784    0.999162
         785    0.998206
         786     0.99732
         787    0.996506
         788    0.995763
         789    0.995091
         790    0.994488
         791    0.993955
         792    0.993491
         793    0.993095
         794    0.992767
         795    0.992505
         796    0.992308
         797    0.992174
         798    0.992101
         799     0.99209
         800    0.992137
         801    0.992243
         802    0.992403
         803    0.992617
         804    0.992882
         805    0.993196
         806    0.993558
         807    0.993966
         808    0.994417
         809    0.994909
         810    0.995441
         811     0.99601
         812    0.996614
         813    0.997251
         814     0.99792
         815    0.998618
         816    0.999343
         817     1.00009
         818     1.00087
         819     1.00166
         820     1.00248
         821     1.00332
         822     1.00417
         823     1.00504
         824     1.00592
         825     1.00682
         826     1.00773
         827     1.00865
         828     1.00958
         829     1.01052
         830     1.01147
         831     1.01242
         832     1.01339
         833     1.01435
         834     1.01533
         835     1.01631
         836      1.0173
         837     1.01828
         838     1.01928
         839     1.02028
         840     1.02128
         841     1.02228
         842     1.02329
         843      1.0243
         844     1.02531
         845     1.02632
         846     1.02734
         847     1.02836
         848     1.02938
         849      1.0304
         850     1.03142
         851     1.03245
         852     1.03347
         853      1.0345
         854     1.03553
         855     1.03656
         856     1.03759
         857     1.03862
         858     1.03965
         859     1.04069
         860     1.04172
         861     1.04275
         862     1.04378
         863     1.04481
         864     1.04584
         865     1.04687
         866      1.0479
         867     1.04892
         868     1.04994
         869     1.05096
         870     1.05197
         871     1.05298
         872     1.05398
         873     1.05498
         874     1.05598
         875     1.05697
         876     1.05795
         877     1.05892
         878     1.05988
         879     1.06084
         880     1.06178
         881     1.06271
         882     1.06364
         883     1.06455
         884     1.06544
         885     1.06632
         886     1.06719
         887     1.06805
         888     1.06888
         889      1.0697
         890      1.0705
         891     1.07129
         892     1.07205
         893     1.07279
         894     1.07352
         895     1.07422
         896      1.0749
         897     1.07555
         898     1.07619
         899     1.07679
         900     1.07737
         901     1.07793
         902     1.07846
         903     1.07896
         904     1.07943
         905     1.07987
         906     1.08029
         907     1.08067
         908     1.08102
         909     1.08134
         910     1.08163
         911     1.08188
         912      1.0821
         913     1.08228
         914     1.08243
         915     1.08255
         916     1.08262
         917     1.08267
         918     1.08267
         919     1.08264
         920     1.08257
         921     1.08247
         922     1.08233
         923     1.08214
         924     1.08192
         925     1.08167
         926     1.08137
         927     1.08104
         928     1.08066
         929     1.08025
         930     1.07981
         931     1.07932
         932      1.0788
         933     1.07824
         934     1.07764
         935     1.07701
         936     1.07634
         937     1.07564
         938      1.0749
         939     1.07413
         940     1.07332
         941     1.07249
         942     1.07162
         943     1.07072
         944      1.0698
         945     1.06885
         946     1.06787
         947     1.06686
         948     1.06583
         949     1.06478
         950     1.06371
         951     1.06262
         952     1.06151
         953     1.06038
         954     1.05923
         955     1.05808
         956     1.05691
         957     1.05573
         958     1.05454
         959     1.05335
         960     1.05215
         961     1.05094
         962     1.04974
         963     1.04853
         964     1.04733
         965     1.04613
         966     1.04494
         967     1.04375
         968     1.04258
         969     1.04141
         970     1.04026
         971     1.03912
         972       1.038
         973     1.03689
         974     1.03581
         975     1.03475
         976     1.03371
         977      1.0327
         978     1.03171
         979     1.03076
         980     1.02983
         981     1.02894
         982     1.02808
         983     1.02725
         984     1.02646
         985     1.02571
         986     1.02499
         987     1.02432
         988     1.02368
         989     1.02309
         990     1.02253
         991     1.02202
         992     1.02156
         993     1.02113
         994     1.02075
         995     1.02042
         996     1.02013
         997     1.01988
         998     1.01967
         999     1.01951
        1000     1.01939
        1001     1.01931
        1002     1.01928
        1003     1.01928
        1004     1.01933
        1005     1.01941
        1006     1.01953
        1007     1.01969
        1008     1.01989
        1009     1.02012
        1010     1.02038
        1011     1.02067
        1012       1.021
        1013     1.02135
        1014     1.02173
        1015     1.02214
        1016     1.02257
        1017     1.02303
        1018     1.02351
        1019     1.02401
        1020     1.02453
        1021     1.02508
        1022     1.02564
        1023     1.02621
        1024     1.02681
        1025     1.02742
        1026     1.02804
        1027     1.02868
        1028     1.02933
        1029     1.02999
        1030     1.03066
        1031     1.03135
        1032     1.03204
        1033     1.03274
        1034     1.03345
        1035     1.03417
        1036      1.0349
        1037     1.03563
        1038     1.03637
        1039     1.03711
        1040     1.03786
        1041     1.03862
        1042     1.03938
        1043     1.04015
        1044     1.04092
        1045      1.0417
        1046     1.04248
        1047     1.04327
        1048     1.04406
        1049     1.04486
        1050     1.04566
        1051     1.04647
        1052     1.04728
        1053      1.0481
        1054     1.04893
        1055     1.04976
        1056      1.0506
        1057     1.05144
        1058      1.0523
        1059     1.05315
        1060     1.05402
        1061      1.0549
        1062     1.05578
        1063     1.05668
        1064     1.05759
        1065      1.0585
        1066     1.05943
        1067     1.06037
        1068     1.06132
        1069     1.06229
        1070     1.06327
        1071     1.06426
        1072     1.06527
        1073      1.0663
        1074     1.06734
        1075      1.0684
        1076     1.06947
        1077     1.07057
        1078     1.07168
        1079     1.07281
        1080     1.07396
        1081     1.07513
        1082     1.07632
        1083     1.07753
        1084     1.07876
        1085     1.08001
        1086     1.08129
        1087     1.08258
        1088     1.08389
        1089     1.08522
        1090     1.08657
        1091     1.08794
        1092     1.08932
        1093     1.09073
        1094     1.09215
        1095     1.09358
        1096     1.09503
        1097      1.0965
        1098     1.09797
        1099     1.09946
        1100     1.10096
        1101     1.10247
        1102     1.10398
        1103      1.1055
        1104     1.10703
        1105     1.10855
        1106     1.11008
        1107     1.11161
        1108     1.11314
        1109     1.11466
        1110     1.11617
        1111     1.11768
        1112     1.11917
        1113     1.12066
        1114     1.12213
        1115     1.12359
        1116     1.12503
        1117     1.12645
        1118     1.12785
        1119     1.12922
        1120     1.13058
        1121      1.1319
        1122      1.1332
        1123     1.13447
        1124     1.13571
        1125     1.13692
        1126     1.13809
        1127     1.13922
        1128     1.14032
        1129     1.14138
        1130      1.1424
        1131     1.14338
        1132     1.14432
        1133     1.14521
        1134     1.14606
        1135     1.14686
        1136     1.14762
        1137     1.14833
        1138     1.14899
        1139      1.1496
        1140     1.15016
        1141     1.15067
        1142     1.15113
        1143     1.15153
        1144     1.15189
        1145      1.1522
        1146     1.15245
        1147     1.15265
        1148      1.1528
        1149      1.1529
        1150     1.15295
        1151     1.15294
        1152     1.15288
        1153     1.15277
        1154     1.15261
        1155     1.15241
        1156     1.15215
        1157     1.15184
        1158     1.15149
        1159     1.15108
        1160     1.15064
        1161     1.15015
        1162     1.14961
        1163     1.14903
        1164     1.14842
        1165     1.14776
        1166     1.14707
        1167     1.14634
        1168     1.14558
        1169     1.14478
        1170     1.14396
        1171     1.14311
        1172     1.14223
        1173     1.14133
        1174     1.14041
        1175     1.13948
        1176     1.13853
        1177     1.13756
        1178     1.13659
        1179     1.13561
        1180     1.13463
        1181     1.13365
        1182     1.13267
        1183      1.1317
        1184     1.13074
        1185     1.12979
        1186     1.12886
        1187     1.12795
        1188     1.12706
        1189      1.1262
        1190     1.12537
        1191     1.12458
        1192     1.12383
        1193     1.12312
        1194     1.12245
        1195     1.12184
        1196     1.12127
        1197     1.12076
        1198     1.12031
        1199     1.11992
        1200     1.11959
        1201     1.11932
        1202     1.11912
        1203     1.11899
        1204     1.11893
        1205     1.11894
        1206     1.11902
        1207     1.11917
        1208     1.11939
        1209     1.11968
        1210     1.12004
        1211     1.12046
        1212     1.12096
        1213     1.12152
        1214     1.12214
        1215     1.12282
        1216     1.12355
        1217     1.12434
        1218     1.12518
        1219     1.12606
        1220     1.12699
        1221     1.12795
        1222     1.12894
        1223     1.12996
        1224     1.13101
        1225     1.13207
        1226     1.13314
        1227     1.13422
        1228     1.13531
        1229     1.13639
        1230     1.13746
        1231     1.13852
        1232     1.13956
        1233     1.14059
        1234     1.14158
        1235     1.14254
        1236     1.14347
        1237     1.14436
        1238      1.1452
        1239       1.146
        1240     1.14675
        1241     1.14744
        1242     1.14807
        1243     1.14864
        1244     1.14915
        1245     1.14959
        1246     1.14997
        1247     1.15027
        1248      1.1505
        1249     1.15065
        1250     1.15073
        1251     1.15073
        1252     1.15065
        1253     1.15049
        1254     1.15025
        1255     1.14992
        1256     1.14952
        1257     1.14903
        1258     1.14845
        1259     1.14779
        1260     1.14705
        1261     1.14622
        1262     1.14531
        1263     1.14432
        1264     1.14324
        1265     1.14207
        1266     1.14082
        1267      1.1395
        1268     1.13808
        1269     1.13659
        1270     1.13503
        1271     1.13338
        1272     1.13165
        1273     1.12985
        1274     1.12798
        1275     1.12603
        1276     1.12401
        1277     1.12193
        1278     1.11978
        1279     1.11756
        1280     1.11528
        1281     1.11294
        1282     1.11055
        1283      1.1081
        1284     1.10561
        1285     1.10306
        1286     1.10047
        1287     1.09785
        1288     1.09518
        1289     1.09248
        1290     1.08976
        1291     1.08701
        1292     1.08424
        1293     1.08145
        1294     1.07865
        1295     1.07584
        1296     1.07303
        1297     1.07023
        1298     1.06743
        1299     1.06464
        1300     1.06187
        1301     1.05912
        1302      1.0564
        1303     1.05371
        1304     1.05106
        1305     1.04845
        1306     1.04589
        1307     1.04338
        1308     1.04092
        1309     1.03852
        1310     1.03619
        1311     1.03393
        1312     1.03174
        1313     1.02963
        1314      1.0276
        1315     1.02566
        1316      1.0238
        1317     1.02203
        1318     1.02036
        1319     1.01878
        1320      1.0173
        1321     1.01591
        1322     1.01463
        1323     1.01345
        1324     1.01237
        1325     1.01139
        1326     1.01052
        1327     1.00975
        1328     1.00908
        1329     1.00852
        1330     1.00805
        1331     1.00769
        1332     1.00742
        1333     1.00725
        1334     1.00718
        1335      1.0072
        1336      1.0073
        1337      1.0075
        1338     1.00778
        1339     1.00814
        1340     1.00858
        1341     1.00909
        1342     1.00968
        1343     1.01034
        1344     1.01106
        1345     1.01184
        1346     1.01269
        1347     1.01359
        1348     1.01454
        1349     1.01554
        1350     1.01659
        1351     1.01768
        1352      1.0188
        1353     1.01997
        1354     1.02116
        1355     1.02239
        1356     1.02364
        1357     1.02492
        1358     1.02622
        1359     1.02754
        1360     1.02887
        1361     1.03022
        1362     1.03158
        1363     1.03295
        1364     1.03433
        1365     1.03571
        1366      1.0371
        1367     1.03848
        1368     1.03987
        1369     1.04126
        1370     1.04265
        1371     1.04403
        1372      1.0454
        1373     1.04677
        1374     1.04813
        1375     1.04948
        1376     1.05082
        1377     1.05215
        1378     1.05347
        1379     1.05477
        1380     1.05605
        1381     1.05733
        1382     1.05858
        1383     1.05981
        1384     1.06103
        1385     1.06223
        1386     1.06341
        1387     1.06456
        1388      1.0657
        1389     1.06681
        1390      1.0679
        1391     1.06897
        1392     1.07001
        1393     1.07103
        1394     1.07202
        1395     1.07299
        1396     1.07393
        1397     1.07485
        1398     1.07573
        1399     1.07659
        1400     1.07742
        1401     1.07823
        1402       1.079
        1403     1.07975
        1404     1.08046
        1405     1.08115
        1406     1.08181
        1407     1.08244
        1408     1.08304
        1409     1.08361
        1410     1.08415
        1411     1.08466
        1412     1.08514
        1413     1.08559
        1414     1.08602
        1415     1.08641
        1416     1.08678
        1417     1.08712
        1418     1.08743
        1419     1.08772
        1420     1.08797
        1421      1.0882
        1422     1.08841
        1423     1.08858
        1424     1.08873
        1425     1.08886
        1426     1.08896
        1427     1.08903
        1428     1.08908
        1429     1.08911
        1430     1.08911
        1431     1.08908
        1432     1.08904
        1433     1.08897
        1434     1.08887
        1435     1.08875
        1436     1.08861
        1437     1.08844
        1438     1.08826
        1439     1.08804
        1440     1.08781
        1441     1.08755
        1442     1.08726
        1443     1.08696
        1444     1.08663
        1445     1.08627
        1446     1.08589
        1447     1.08549
        1448     1.08506
        1449     1.08461
        1450     1.08414
        1451     1.08363
        1452     1.08311
        1453     1.08256
        1454     1.08198
        1455     1.08138
        1456     1.08075
        1457      1.0801
        1458     1.07943
        1459     1.07873
        1460     1.07801
        1461     1.07726
        1462     1.07649
        1463     1.07569
        1464     1.07487
        1465     1.07403
        1466     1.07317
        1467     1.07228
        1468     1.07138
        1469     1.07046
        1470     1.06952
        1471     1.06856
        1472     1.06758
        1473     1.06659
        1474     1.06559
        1475     1.06457
        1476     1.06354
        1477      1.0625
        1478     1.06145
        1479     1.06039
        1480     1.05933
        1481     1.05826
        1482     1.05718
        1483     1.05611
        1484     1.05503
        1485     1.05395
        1486     1.05288
        1487      1.0518
        1488     1.05074
        1489     1.04967
        1490     1.04862
        1491     1.04757
        1492     1.04654
        1493     1.04552
        1494     1.04451
        1495     1.04351
        1496     1.04253
        1497     1.04157
        1498     1.04063
        1499      1.0397
        1500      1.0388
        1501     1.03792
        1502     1.03706
        1503     1.03623
        1504     1.03542
        1505     1.03465
        1506      1.0339
        1507     1.03318
        1508     1.03249
        1509     1.03184
        1510     1.03122
        1511     1.03064
        1512      1.0301
        1513     1.02959
        1514     1.02912
        1515     1.02869
        1516     1.02831
        1517     1.02796
        1518     1.02767
        1519     1.02742
        1520     1.02721
        1521     1.02705
        1522     1.02695
        1523     1.02689
        1524     1.02688
        1525     1.02693
        1526     1.02702
        1527     1.02717
        1528     1.02737
        1529     1.02763
        1530     1.02794
        1531      1.0283
        1532     1.02872
        1533     1.02919
        1534     1.02972
        1535     1.03029
        1536     1.03092
        1537     1.03161
        1538     1.03234
        1539     1.03312
        1540     1.03395
        1541     1.03483
        1542     1.03576
        1543     1.03673
        1544     1.03774
        1545     1.03878
        1546     1.03987
        1547     1.04099
        1548     1.04215
        1549     1.04333
        1550     1.04455
        1551     1.04578
        1552     1.04705
        1553     1.04833
        1554     1.04962
        1555     1.05094
        1556     1.05226
        1557     1.05359
        1558     1.05493
        1559     1.05626
        1560      1.0576
        1561     1.05894
        1562     1.06027
        1563     1.06159
        1564      1.0629
        1565     1.06419
        1566     1.06547
        1567     1.06673
        1568     1.06797
        1569     1.06918
        1570     1.07037
        1571     1.07154
        1572     1.07267
        1573     1.07378
        1574     1.07485
        1575     1.07589
        1576     1.07689
        1577     1.07786
        1578     1.07879
        1579     1.07968
        1580     1.08053
        1581     1.08134
        1582     1.08211
        1583     1.08283
        1584     1.08352
        1585     1.08417
        1586     1.08477
        1587     1.08533
        1588     1.08585
        1589     1.08633
        1590     1.08677
        1591     1.08717
        1592     1.08753
        1593     1.08785
        1594     1.08813
        1595     1.08837
        1596     1.08858
        1597     1.08875
        1598     1.08888
        1599     1.08899
        1600     1.08906
        1601      1.0891
        1602     1.08911
        1603     1.08909
        1604     1.08904
        1605     1.08897
        1606     1.08888
        1607     1.08877
        1608     1.08863
        1609     1.08848
        1610     1.08831
        1611     1.08813
        1612     1.08793
        1613     1.08772
        1614      1.0875
        1615     1.08727
        1616     1.08704
        1617      1.0868
        1618     1.08656
        1619     1.08631
        1620     1.08607
        1621     1.08582
        1622     1.08558
        1623     1.08534
        1624      1.0851
        1625     1.08487
        1626     1.08464
        1627     1.08443
        1628     1.08422
        1629     1.08402
        1630     1.08383
        1631     1.08365
        1632     1.08348
        1633     1.08332
        1634     1.08317
        1635     1.08304
        1636     1.08292
        1637     1.08281
        1638     1.08271
        1639     1.08262
        1640     1.08255
        1641     1.08249
        1642     1.08244
        1643     1.08239
        1644     1.08236
        1645     1.08234
        1646     1.08233
        1647     1.08233
        1648     1.08234
        1649     1.08235
        1650     1.08237
        1651      1.0824
        1652     1.08243
        1653     1.08247
        1654     1.08251
        1655     1.08255
        1656     1.08259
        1657     1.08264
        1658     1.08268
        1659     1.08273
        1660     1.08277
        1661      1.0828
        1662     1.08284
        1663     1.08286
        1664     1.08288
        1665      1.0829
        1666      1.0829
        1667      1.0829
        1668     1.08289
        1669     1.08286
        1670     1.08283
        1671     1.08278
        1672     1.08272
        1673     1.08265
        1674     1.08256
        1675     1.08246
        1676     1.08235
        1677     1.08222
        1678     1.08207
        1679     1.08191
        1680     1.08173
        1681     1.08154
        1682     1.08132
        1683      1.0811
        1684     1.08085
        1685     1.08059
        1686     1.08032
        1687     1.08003
        1688     1.07972
        1689      1.0794
        1690     1.07907
        1691     1.07872
        1692     1.07836
        1693     1.07799
        1694     1.07761
        1695     1.07721
        1696     1.07681
        1697      1.0764
        1698     1.07598
        1699     1.07556
        1700     1.07513
        1701     1.07469
        1702     1.07426
        1703     1.07382
        1704     1.07338
        1705     1.07294
        1706     1.07251
        1707     1.07208
        1708     1.07165
        1709     1.07123
        1710     1.07081
        1711      1.0704
        1712     1.07001
        1713     1.06962
        1714     1.06924
        1715     1.06887
        1716     1.06852
        1717     1.06819
        1718     1.06787
        1719     1.06756
        1720     1.06727
        1721       1.067
        1722     1.06675
        1723     1.06652
        1724     1.06631
        1725     1.06612
        1726     1.06594
        1727     1.06579
        1728     1.06566
        1729     1.06555
        1730     1.06547
        1731      1.0654
        1732     1.06536
        1733     1.06534
        1734     1.06533
        1735     1.06535
        1736     1.06539
        1737     1.06545
        1738     1.06553
        1739     1.06563
        1740     1.06575
        1741     1.06589
        1742     1.06604
        1743     1.06621
        1744      1.0664
        1745      1.0666
        1746     1.06682
        1747     1.06705
        1748     1.06729
        1749     1.06755
        1750     1.06781
        1751     1.06809
        1752     1.06837
        1753     1.06866
        1754     1.06896
        1755     1.06927
        1756     1.06958
        1757     1.06989
        1758     1.07021
        1759     1.07053
        1760     1.07086
        1761     1.07118
        1762      1.0715
        1763     1.07182
        1764     1.07214
        1765     1.07246
        1766     1.07277
        1767     1.07308
        1768     1.07339
        1769     1.07369
        1770     1.07398
        1771     1.07427
        1772     1.07456
        1773     1.07483
        1774      1.0751
        1775     1.07537
        1776     1.07562
        1777     1.07587
        1778     1.07611
        1779     1.07634
        1780     1.07657
        1781     1.07679
        1782       1.077
        1783     1.07721
        1784     1.07741
        1785      1.0776
        1786     1.07779
        1787     1.07798
        1788     1.07816
        1789     1.07834
        1790     1.07851
        1791     1.07869
        1792     1.07886
        1793     1.07903
        1794     1.07919
        1795     1.07936
        1796     1.07953
        1797      1.0797
        1798     1.07987
        1799     1.08004
        1800     1.08022
        1801      1.0804
        1802     1.08058
        1803     1.08077
        1804     1.08096
        1805     1.08116
        1806     1.08136
        1807     1.08157
        1808     1.08178
        1809       1.082
        1810     1.08223
        1811     1.08246
        1812      1.0827
        1813     1.08295
        1814      1.0832
        1815     1.08346
        1816     1.08372
        1817     1.08399
        1818     1.08427
        1819     1.08455
        1820     1.08484
        1821     1.08513
        1822     1.08542
        1823     1.08572
        1824     1.08602
        1825     1.08633
        1826     1.08663
        1827     1.08694
        1828     1.08725
        1829     1.08755
        1830     1.08786
        1831     1.08817
        1832     1.08847
        1833     1.08877
        1834     1.08907
        1835     1.08937
        1836     1.08966
        1837     1.08995
        1838     1.09023
        1839     1.09051
        1840     1.09078
        1841     1.09105
        1842      1.0913
        1843     1.09155
        1844      1.0918
        1845     1.09203
        1846     1.09226
        1847     1.09248
        1848      1.0927
        1849      1.0929
        1850      1.0931
        1851     1.09328
        1852     1.09346
        1853     1.09363
        1854      1.0938
        1855     1.09395
        1856      1.0941
        1857     1.09424
        1858     1.09437
        1859      1.0945
        1860     1.09462
        1861     1.09473
        1862     1.09484
        1863     1.09494
        1864     1.09504
        1865     1.09513
        1866     1.09522
        1867      1.0953
        1868     1.09538
        1869     1.09546
        1870     1.09554
        1871     1.09561
        1872     1.09569
        1873     1.09576
        1874     1.09583
        1875      1.0959
        1876     1.09597
        1877     1.09604
        1878     1.09611
        1879     1.09619
        1880     1.09626
        1881     1.09634
        1882     1.09641
        1883     1.09649
        1884     1.09657
        1885     1.09666
        1886     1.09674
        1887     1.09683
        1888     1.09692
        1889     1.09701
        1890     1.09711
        1891     1.09721
        1892     1.09731
        1893     1.09741
        1894     1.09751
        1895     1.09762
        1896     1.09772
        1897     1.09783
        1898     1.09794
        1899     1.09806
        1900     1.09817
        1901     1.09829
        1902      1.0984
        1903     1.09852
        1904     1.09863
        1905     1.09875
        1906     1.09886
        1907     1.09898
        1908     1.09909
        1909      1.0992
        1910     1.09931
        1911     1.09941
        1912     1.09952
        1913     1.09962
        1914     1.09971
        1915      1.0998
        1916     1.09989
        1917     1.09997
        1918     1.10004
        1919     1.10011
        1920     1.10017
        1921     1.10022
        1922     1.10026
        1923      1.1003
        1924     1.10033
        1925     1.10034
        1926     1.10035
        1927     1.10035
        1928     1.10033
        1929      1.1003
        1930     1.10026
        1931     1.10021
        1932     1.10014
        1933     1.10005
        1934     1.09995
        1935     1.09984
        1936      1.0997
        1937     1.09955
        1938     1.09938
        1939     1.09919
        1940     1.09899
        1941     1.09876
        1942     1.09851
        1943     1.09824
        1944     1.09794
        1945     1.09763
        1946     1.09729
        1947     1.09693
        1948     1.09655
        1949     1.09614
        1950      1.0957
        1951     1.09525
        1952     1.09476
        1953     1.09426
        1954     1.09373
        1955     1.09317
        1956     1.09259
        1957     1.09199
        1958     1.09136
        1959     1.09071
        1960     1.09003
        1961     1.08934
        1962     1.08862
        1963     1.08789
        1964     1.08713
        1965     1.08636
        1966     1.08557
        1967     1.08476
        1968     1.08394
        1969     1.08311
        1970     1.08227
        1971     1.08141
        1972     1.08055
        1973     1.07969
        1974     1.07882
        1975     1.07795
        1976     1.07708
        1977     1.07621
        1978     1.07535
        1979      1.0745
        1980     1.07366
        1981     1.07283
        1982     1.07201
        1983     1.07122
        1984     1.07044
        1985     1.06969
        1986     1.06896
        1987     1.06826
        1988      1.0676
        1989     1.06696
        1990     1.06637
        1991     1.06581
        1992     1.06529
        1993     1.06482
        1994      1.0644
        1995     1.06402
        1996      1.0637
        1997     1.06342
        1998     1.06321
        1999     1.06304
        2000     1.06294
        2001     1.06289
        2002     1.06291
        2003     1.06299
        2004     1.06313
        2005     1.06333
        2006      1.0636
        2007     1.06393
        2008     1.06433
        2009     1.06479
        2010     1.06532
        2011     1.06591
        2012     1.06656
        2013     1.06727
        2014     1.06805
        2015     1.06889
        2016     1.06979
        2017     1.07074
        2018     1.07175
        2019     1.07282
        2020     1.07394
        2021      1.0751
        2022     1.07632
        2023     1.07758
        2024     1.07889
        2025     1.08024
        2026     1.08162
        2027     1.08305
        2028      1.0845
        2029     1.08599
        2030      1.0875
        2031     1.08905
        2032     1.09061
        2033      1.0922
        2034      1.0938
        2035     1.09542
        2036     1.09705
        2037     1.09869
        2038     1.10034
        2039       1.102
        2040     1.10366
        2041     1.10532
        2042     1.10698
        2043     1.10864
        2044     1.11029
        2045     1.11194
        2046     1.11357
        2047      1.1152
        2048     1.11682
        2049     1.11842
        2050     1.12001
        2051     1.12158
        2052     1.12314
        2053     1.12468
        2054      1.1262
        2055     1.12769
        2056     1.12917
        2057     1.13063
        2058     1.13206
        2059     1.13347
        2060     1.13485
        2061     1.13621
        2062     1.13755
        2063     1.13886
        2064     1.14015
        2065      1.1414
        2066     1.14264
        2067     1.14385
        2068     1.14503
        2069     1.14618
        2070     1.14731
        2071     1.14842
        2072     1.14949
        2073     1.15054
        2074     1.15157
        2075     1.15256
        2076     1.15354
        2077     1.15448
        2078      1.1554
        2079      1.1563
        2080     1.15717
        2081     1.15801
        2082     1.15883
        2083     1.15963
        2084      1.1604
        2085     1.16115
        2086     1.16187
        2087     1.16257
        2088     1.16325
        2089      1.1639
        2090     1.16453
        2091     1.16514
        2092     1.16572
        2093     1.16628
        2094     1.16682
        2095     1.16734
        2096     1.16784
        2097     1.16831
        2098     1.16877
        2099     1.16921
        2100     1.16962
        2101     1.17002
        2102      1.1704
        2103     1.17076
        2104     1.17111
        2105     1.17144
        2106     1.17175
        2107     1.17205
        2108     1.17233
        2109      1.1726
        2110     1.17286
        2111      1.1731
        2112     1.17333
        2113     1.17355
        2114     1.17376
        2115     1.17396
        2116     1.17415
        2117     1.17433
        2118     1.17451
        2119     1.17468
        2120     1.17484
        2121     1.17499
        2122     1.17514
        2123     1.17529
        2124     1.17543
        2125     1.17557
        2126      1.1757
        2127     1.17584
        2128     1.17597
        2129      1.1761
        2130     1.17623
        2131     1.17636
        2132     1.17649
        2133     1.17662
        2134     1.17675
        2135     1.17688
        2136     1.17702
        2137     1.17715
        2138     1.17729
        2139     1.17743
        2140     1.17757
        2141     1.17771
        2142     1.17786
        2143     1.17801
        2144     1.17815
        2145      1.1783
        2146     1.17846
        2147     1.17861
        2148     1.17877
        2149     1.17893
        2150     1.17909
        2151     1.17926
        2152     1.17942
        2153     1.17959
        2154     1.17977
        2155     1.17994
        2156     1.18012
        2157      1.1803
        2158     1.18049
        2159     1.18067
        2160     1.18087
        2161     1.18106
        2162     1.18126
        2163     1.18147
        2164     1.18168
        2165      1.1819
        2166     1.18212
        2167     1.18235
        2168     1.18259
        2169     1.18283
        2170     1.18307
        2171     1.18332
        2172     1.18358
        2173     1.18384
        2174     1.18411
        2175     1.18438
        2176     1.18465
        2177     1.18493
        2178      1.1852
        2179     1.18548
        2180     1.18575
        2181     1.18603
        2182     1.18629
        2183     1.18655
        2184      1.1868
        2185     1.18704
        2186     1.18727
        2187     1.18749
        2188     1.18768
        2189     1.18786
        2190     1.18801
        2191     1.18814
        2192     1.18824
        2193     1.18831
        2194     1.18834
        2195     1.18834
        2196      1.1883
        2197     1.18822
        2198     1.18809
        2199     1.18792
        2200      1.1877
        2201     1.18743
        2202     1.18711
        2203     1.18673
        2204      1.1863
        2205      1.1858
        2206     1.18525
        2207     1.18464
        2208     1.18396
        2209     1.18323
        2210     1.18243
        2211     1.18156
        2212     1.18063
        2213     1.17964
        2214     1.17859
        2215     1.17747
        2216     1.17629
        2217     1.17505
        2218     1.17375
        2219     1.17239
        2220     1.17097
        2221      1.1695
        2222     1.16797
        2223     1.16639
        2224     1.16476
        2225     1.16308
        2226     1.16136
        2227     1.15959
        2228     1.15778
        2229     1.15593
        2230     1.15405
        2231     1.15213
        2232     1.15018
        2233      1.1482
        2234      1.1462
        2235     1.14418
        2236     1.14213
        2237     1.14007
        2238       1.138
        2239     1.13591
        2240     1.13382
        2241     1.13172
        2242     1.12961
        2243      1.1275
        2244      1.1254
        2245      1.1233
        2246     1.12121
        2247     1.11912
        2248     1.11705
        2249     1.11499
        2250     1.11295
        2251     1.11092
        2252     1.10892
        2253     1.10693
        2254     1.10497
        2255     1.10304
        2256     1.10114
        2257     1.09926
        2258     1.09742
        2259      1.0956
        2260     1.09382
        2261     1.09208
        2262     1.09037
        2263     1.08871
        2264     1.08708
        2265     1.08549
        2266     1.08394
        2267     1.08244
        2268     1.08098
        2269     1.07957
        2270      1.0782
        2271     1.07688
        2272      1.0756
        2273     1.07438
        2274     1.07321
        2275     1.07208
        2276     1.07101
        2277     1.06999
        2278     1.06902
        2279      1.0681
        2280     1.06724
        2281     1.06643
        2282     1.06567
        2283     1.06497
        2284     1.06432
        2285     1.06373
        2286     1.06319
        2287      1.0627
        2288     1.06227
        2289     1.06189
        2290     1.06156
        2291     1.06129
        2292     1.06107
        2293      1.0609
        2294     1.06078
        2295     1.06072
        2296      1.0607
        2297     1.06072
        2298      1.0608
        2299     1.06092
        2300     1.06108
        2301     1.06129
        2302     1.06153
        2303     1.06182
        2304     1.06214
        2305      1.0625
        2306     1.06289
        2307      1.0633
        2308     1.06375
        2309     1.06423
        2310     1.06473
        2311     1.06525
        2312     1.06579
        2313     1.06635
        2314     1.06693
        2315     1.06751
        2316     1.06811
        2317     1.06872
        2318     1.06933
        2319     1.06995
        2320     1.07058
        2321      1.0712
        2322     1.07182
        2323     1.07244
        2324     1.07306
        2325     1.07367
        2326     1.07427
        2327     1.07486
        2328     1.07545
        2329     1.07603
        2330     1.07659
        2331     1.07714
        2332     1.07769
        2333     1.07822
        2334     1.07874
        2335     1.07924
        2336     1.07974
        2337     1.08023
        2338      1.0807
        2339     1.08117
        2340     1.08162
        2341     1.08207
        2342     1.08252
        2343     1.08295
        2344     1.08339
        2345     1.08382
        2346     1.08425
        2347     1.08468
        2348     1.08511
        2349     1.08555
        2350     1.08598
        2351     1.08643
        2352     1.08688
        2353     1.08735
        2354     1.08782
        2355     1.08831
        2356     1.08881
        2357     1.08932
        2358     1.08985
        2359     1.09039
        2360     1.09096
        2361     1.09154
        2362     1.09214
        2363     1.09275
        2364     1.09338
        2365     1.09403
        2366      1.0947
        2367     1.09538
        2368     1.09608
        2369     1.09679
        2370     1.09751
        2371     1.09825
        2372     1.09899
        2373     1.09974
        2374     1.10049
        2375     1.10125
        2376       1.102
        2377     1.10276
        2378     1.10351
        2379     1.10425
        2380     1.10498
        2381      1.1057
        2382     1.10641
        2383      1.1071
        2384     1.10776
        2385      1.1084
        2386     1.10902
        2387      1.1096
        2388     1.11016
        2389     1.11068
        2390     1.11116
        2391     1.11161
        2392     1.11201
        2393     1.11238
        2394      1.1127
        2395     1.11297
        2396      1.1132
        2397     1.11338
        2398     1.11351
        2399      1.1136
        2400     1.11363
        2401     1.11361
        2402     1.11354
        2403     1.11342
        2404     1.11325
        2405     1.11303
        2406     1.11276
        2407     1.11244
        2408     1.11208
        2409     1.11167
        2410     1.11122
        2411     1.11073
        2412     1.11019
        2413     1.10962
        2414     1.10901
        2415     1.10837
        2416      1.1077
        2417       1.107
        2418     1.10627
        2419     1.10552
        2420     1.10475
        2421     1.10397
        2422     1.10317
        2423     1.10236
        2424     1.10154
        2425     1.10072
        2426     1.09989
        2427     1.09907
        2428     1.09826
        2429     1.09745
        2430     1.09666
        2431     1.09588
        2432     1.09511
        2433     1.09437
        2434     1.09365
        2435     1.09296
        2436     1.09229
        2437     1.09166
        2438     1.09106
        2439     1.09049
        2440     1.08997
        2441     1.08948
        2442     1.08904
        2443     1.08863
        2444     1.08828
        2445     1.08797
        2446      1.0877
        2447     1.08749
        2448     1.08733
        2449     1.08721
        2450     1.08715
        2451     1.08714
        2452     1.08718
        2453     1.08728
        2454     1.08743
        2455     1.08763
        2456     1.08789
        2457     1.08819
        2458     1.08855
        2459     1.08897
        2460     1.08943
        2461     1.08995
        2462     1.09052
        2463     1.09114
        2464      1.0918
        2465     1.09252
        2466     1.09329
        2467      1.0941
        2468     1.09495
        2469     1.09585
        2470      1.0968
        2471     1.09778
        2472     1.09881
        2473     1.09988
        2474     1.10098
        2475     1.10213
        2476     1.10331
        2477     1.10452
        2478     1.10577
        2479     1.10705
        2480     1.10835
        2481     1.10969
        2482     1.11105
        2483     1.11244
        2484     1.11386
        2485     1.11529
        2486     1.11675
        2487     1.11822
        2488     1.11972
        2489     1.12123
        2490     1.12275
        2491     1.12429
        2492     1.12584
        2493     1.12739
        2494     1.12896
        2495     1.13053
        2496     1.13211
        2497     1.13368
        2498     1.13526
        2499     1.13684
        2500     1.13842
        2501     1.13999
        2502     1.14156
        2503     1.14312
        2504     1.14467
        2505     1.14621
        2506     1.14774
        2507     1.14926
        2508     1.15076
        2509     1.15224
        2510      1.1537
        2511     1.15514
        2512     1.15656
        2513     1.15796
        2514     1.15933
        2515     1.16067
        2516     1.16199
        2517     1.16327
        2518     1.16453
        2519     1.16575
        2520     1.16693
        2521     1.16808
        2522     1.16919
        2523     1.17026
        2524     1.17129
        2525     1.17228
        2526     1.17323
        2527     1.17413
        2528     1.17499
        2529      1.1758
        2530     1.17656
        2531     1.17727
        2532     1.17794
        2533     1.17855
        2534     1.17911
        2535     1.17962
        2536     1.18007
        2537     1.18047
        2538     1.18082
        2539     1.18111
        2540     1.18134
        2541     1.18152
        2542     1.18164
        2543      1.1817
        2544     1.18171
        2545     1.18165
        2546     1.18154
        2547     1.18137
        2548     1.18114
        2549     1.18085
        2550     1.18051
        2551     1.18011
        2552     1.17965
        2553     1.17914
        2554     1.17857
        2555     1.17794
        2556     1.17727
        2557     1.17654
        2558     1.17576
        2559     1.17493
        2560     1.17405
        2561     1.17312
        2562     1.17215
        2563     1.17114
        2564     1.17008
        2565     1.16898
        2566     1.16785
        2567     1.16668
        2568     1.16547
        2569     1.16423
        2570     1.16296
        2571     1.16167
        2572     1.16035
        2573       1.159
        2574     1.15764
        2575     1.15626
        2576     1.15486
        2577     1.15345
        2578     1.15203
        2579      1.1506
        2580     1.14917
        2581     1.14773
        2582      1.1463
        2583     1.14487
        2584     1.14344
        2585     1.14202
        2586     1.14061
        2587     1.13921
        2588     1.13783
        2589     1.13646
        2590     1.13511
        2591     1.13378
        2592     1.13247
        2593     1.13119
        2594     1.12993
        2595      1.1287
        2596      1.1275
        2597     1.12633
        2598     1.12519
        2599     1.12408
        2600     1.12301
        2601     1.12198
        2602     1.12098
        2603     1.12002
        2604     1.11909
        2605     1.11821
        2606     1.11736
        2607     1.11656
        2608     1.11579
        2609     1.11507
        2610     1.11439
        2611     1.11375
        2612     1.11315
        2613     1.11259
        2614     1.11208
        2615      1.1116
        2616     1.11117
        2617     1.11078
        2618     1.11043
        2619     1.11013
        2620     1.10986
        2621     1.10963
        2622     1.10945
        2623      1.1093
        2624     1.10919
        2625     1.10912
        2626     1.10909
        2627     1.10909
        2628     1.10913
        2629     1.10921
        2630     1.10932
        2631     1.10947
        2632     1.10964
        2633     1.10985
        2634     1.11009
        2635     1.11036
        2636     1.11066
        2637     1.11099
        2638     1.11134
        2639     1.11171
        2640     1.11211
        2641     1.11254
        2642     1.11298
        2643     1.11344
        2644     1.11392
        2645     1.11442
        2646     1.11493
        2647     1.11546
        2648     1.11599
        2649     1.11654
        2650      1.1171
        2651     1.11766
        2652     1.11824
        2653     1.11881
        2654     1.11939
        2655     1.11996
        2656     1.12054
        2657     1.12111
        2658     1.12168
        2659     1.12224
        2660      1.1228
        2661     1.12335
        2662     1.12388
        2663     1.12441
        2664     1.12492
        2665     1.12542
        2666      1.1259
        2667     1.12636
        2668     1.12681
        2669     1.12724
        2670     1.12765
        2671     1.12803
        2672      1.1284
        2673     1.12874
        2674     1.12907
        2675     1.12936
        2676     1.12963
        2677     1.12988
        2678      1.1301
        2679     1.13029
        2680     1.13046
        2681     1.13061
        2682     1.13072
        2683     1.13082
        2684     1.13088
        2685     1.13092
        2686     1.13094
        2687     1.13094
        2688     1.13091
        2689     1.13086
        2690     1.13079
        2691     1.13069
        2692     1.13058
        2693     1.13045
        2694      1.1303
        2695     1.13014
        2696     1.12996
        2697     1.12977
        2698     1.12956
        2699     1.12934
        2700     1.12912
        2701     1.12888
        2702     1.12864
        2703      1.1284
        2704     1.12814
        2705     1.12789
        2706     1.12764
        2707     1.12739
        2708     1.12713
        2709     1.12688
        2710     1.12664
        2711     1.12639
        2712     1.12615
        2713     1.12592
        2714     1.12569
        2715     1.12547
        2716     1.12526
        2717     1.12505
        2718     1.12485
        2719     1.12467
        2720     1.12449
        2721     1.12432
        2722     1.12416
        2723       1.124
        2724     1.12386
        2725     1.12372
        2726     1.12359
        2727     1.12347
        2728     1.12335
        2729     1.12324
        2730     1.12313
        2731     1.12303
        2732     1.12294
        2733     1.12284
        2734     1.12275
        2735     1.12266
        2736     1.12257
        2737     1.12249
        2738      1.1224
        2739     1.12231
        2740     1.12222
        2741     1.12212
        2742     1.12202
        2743     1.12192
        2744     1.12182
        2745     1.12171
        2746     1.12159
        2747     1.12148
        2748     1.12135
        2749     1.12122
        2750     1.12108
        2751     1.12094
        2752     1.12079
        2753     1.12064
        2754     1.12048
        2755     1.12031
        2756     1.12014
        2757     1.11997
        2758     1.11979
        2759      1.1196
        2760     1.11942
        2761     1.11923
        2762     1.11903
        2763     1.11884
        2764     1.11864
        2765     1.11844
        2766     1.11824
        2767     1.11805
        2768     1.11785
        2769     1.11766
        2770     1.11747
        2771     1.11728
        2772     1.11711
        2773     1.11693
        2774     1.11677
        2775     1.11662
        2776     1.11647
        2777     1.11634
        2778     1.11622
        2779     1.11611
        2780     1.11601
        2781     1.11593
        2782     1.11586
        2783     1.11582
        2784     1.11578
        2785     1.11577
        2786     1.11578
        2787     1.11581
        2788     1.11585
        2789     1.11592
        2790     1.11601
        2791     1.11613
        2792     1.11626
        2793     1.11642
        2794      1.1166
        2795     1.11681
        2796     1.11704
        2797     1.11729
        2798     1.11757
        2799     1.11787
        2800      1.1182
        2801     1.11855
        2802     1.11893
        2803     1.11932
        2804     1.11974
        2805     1.12019
        2806     1.12065
        2807     1.12114
        2808     1.12164
        2809     1.12216
        2810     1.12271
        2811     1.12327
        2812     1.12385
        2813     1.12444
        2814     1.12505
        2815     1.12567
        2816      1.1263
        2817     1.12695
        2818     1.12761
        2819     1.12827
        2820     1.12894
        2821     1.12962
        2822     1.13031
        2823       1.131
        2824      1.1317
        2825     1.13239
        2826     1.13309
        2827     1.13379
        2828     1.13448
        2829     1.13518
        2830     1.13586
        2831     1.13655
        2832     1.13723
        2833      1.1379
        2834     1.13856
        2835     1.13921
        2836     1.13985
        2837     1.14048
        2838      1.1411
        2839      1.1417
        2840     1.14229
        2841     1.14286
        2842     1.14342
        2843     1.14395
        2844     1.14447
        2845     1.14497
        2846     1.14545
        2847      1.1459
        2848     1.14634
        2849     1.14675
        2850     1.14714
        2851      1.1475
        2852     1.14784
        2853     1.14815
        2854     1.14844
        2855     1.14869
        2856     1.14892
        2857     1.14912
        2858     1.14929
        2859     1.14943
        2860     1.14954
        2861     1.14962
        2862     1.14967
        2863     1.14968
        2864     1.14967
        2865     1.14962
        2866     1.14953
        2867     1.14941
        2868     1.14926
        2869     1.14907
        2870     1.14885
        2871     1.14859
        2872      1.1483
        2873     1.14797
        2874      1.1476
        2875      1.1472
        2876     1.14676
        2877     1.14628
        2878     1.14577
        2879     1.14522
        2880     1.14463
        2881     1.14401
        2882     1.14334
        2883     1.14265
        2884     1.14191
        2885     1.14114
        2886     1.14033
        2887     1.13949
        2888      1.1386
        2889     1.13769
        2890     1.13674
        2891     1.13575
        2892     1.13473
        2893     1.13367
        2894     1.13258
        2895     1.13146
        2896     1.13031
        2897     1.12913
        2898     1.12792
        2899     1.12668
        2900     1.12541
        2901     1.12412
        2902      1.1228
        2903     1.12145
        2904     1.12009
        2905      1.1187
        2906     1.11729
        2907     1.11586
        2908     1.11442
        2909     1.11296
        2910     1.11149
        2911     1.11001
        2912     1.10851
        2913     1.10701
        2914      1.1055
        2915     1.10399
        2916     1.10248
        2917     1.10096
        2918     1.09945
        2919     1.09794
        2920     1.09644
        2921     1.09494
        2922     1.09345
        2923     1.09198
        2924     1.09052
        2925     1.08908
        2926     1.08766
        2927     1.08626
        2928     1.08488
        2929     1.08353
        2930     1.08221
        2931     1.08091
        2932     1.07964
        2933     1.07841
        2934     1.07721
        2935     1.07605
        2936     1.07492
        2937     1.07383
        2938     1.07278
        2939     1.07177
        2940     1.07081
        2941     1.06988
        2942     1.06901
        2943     1.06818
        2944     1.06739
        2945     1.06665
        2946     1.06596
        2947     1.06532
        2948     1.06472
        2949     1.06417
        2950     1.06367
        2951     1.06321
        2952      1.0628
        2953     1.06244
        2954     1.06212
        2955     1.06185
        2956     1.06162
        2957     1.06144
        2958      1.0613
        2959     1.06121
        2960     1.06115
        2961     1.06114
        2962     1.06116
        2963     1.06122
        2964     1.06133
        2965     1.06146
        2966     1.06163
        2967     1.06184
        2968     1.06208
        2969     1.06235
        2970     1.06265
        2971     1.06298
        2972     1.06334
        2973     1.06372
        2974     1.06413
        2975     1.06456
        2976     1.06501
        2977     1.06549
        2978     1.06598
        2979      1.0665
        2980     1.06703
        2981     1.06757
        2982     1.06813
        2983     1.06871
        2984      1.0693
        2985      1.0699
        2986     1.07051
        2987     1.07113
        2988     1.07175
        2989     1.07239
        2990     1.07303
        2991     1.07368
        2992     1.07433
        2993     1.07498
        2994     1.07564
        2995      1.0763
        2996     1.07695
        2997     1.07761
        2998     1.07826
        2999     1.07891
        3000     1.07955
