100,0.0829966,-nan
200,0.0864397,0.00344307
300,0.0872843,0.00215986
400,0.0881462,0.00175364
500,0.0870596,0.00173949
600,0.0857235,0.00194999
700,0.086403,0.00178265
800,0.0870307,0.00166656
900,0.0870992,0.00147136
1000,0.0864699,0.00145873
1100,0.0858798,0.00144544
1200,0.0852738,0.001452
1300,0.0847852,0.0014222
1400,0.085079,0.00134908
1500,0.0848016,0.00128618
1600,0.0843403,0.00128854
1700,0.0841195,0.00123034
1800,0.0843662,0.00118591
1900,0.0846472,0.00115642
2000,0.0852846,0.00126883
2100,0.0852012,0.00120978
2200,0.0849776,0.00117493
2300,0.0849555,0.0011229
2400,0.0850301,0.00107768
2500,0.0854173,0.00110381
2600,0.0852599,0.00107212
2700,0.0854818,0.00105526
2800,0.0850603,0.00110079
2900,0.085319,0.00109321
3000,0.0853452,0.00105646
3100,0.0856552,0.0010678
3200,0.0855171,0.00104307
3300,0.0856078,0.00101502
3400,0.0850275,0.00114298
3500,0.0848977,0.00111741
3600,0.0844501,0.00117457
3700,0.0846078,0.00115323
3800,0.0846012,0.00112249
3900,0.0846814,0.00109627
4000,0.0846491,0.001069
4100,0.0847442,0.00104692
4200,0.0846309,0.00102795
4300,0.0847979,0.00101757
4400,0.0850515,0.00102602
4500,0.0851266,0.00100576
4600,0.0851201,0.000983674
4700,0.0850967,0.000962802
4800,0.0851625,0.000944825
4900,0.0852637,0.000930852
5000,0.0852969,0.000912652
5100,0.0853904,0.000899442
5200,0.0853889,0.000881977
5300,0.085137,0.000901073
5400,0.0850754,0.000886375
5500,0.0849967,0.000873666
5600,0.0849797,0.000858091
5700,0.0852061,0.000872783
5800,0.0852303,0.000857944
5900,0.085119,0.000850592
6000,0.0849954,0.000845379
6100,0.0849916,0.000831414
6200,0.0850624,0.000820957
6300,0.0850534,0.000807871
6400,0.0850733,0.000795397
6500,0.0849958,0.000786896
6600,0.0849946,0.000774882
6700,0.0848151,0.000784043
6800,0.084771,0.000773685
6900,0.0845739,0.00078747
7000,0.0846039,0.00077672
7100,0.084626,0.000766021
7200,0.0844427,0.000777234
7300,0.0846032,0.000783139
7400,0.0845701,0.000773195
7500,0.0845405,0.000763388
7600,0.0842836,0.000795898
7700,0.0844039,0.000794655
7800,0.0844714,0.000787303
7900,0.0844618,0.000777332
8000,0.0844788,0.000767742
8100,0.0845698,0.000763651
8200,0.0845862,0.000754459
8300,0.0846463,0.000747732
8400,0.0846085,0.000739744
8500,0.084671,0.000733655
8600,0.0846999,0.000725649
8700,0.0848312,0.000729185
8800,0.0848712,0.000721959
8900,0.084816,0.000715928
9000,0.0846955,0.000718125
9100,0.0845748,0.000720369
9200,0.084544,0.000713163
9300,0.0845902,0.000706967
9400,0.0844495,0.000713415
9500,0.0844526,0.000705873
9600,0.0844666,0.000698619
9700,0.0844143,0.000693355
9800,0.0843031,0.000695195
9900,0.0843574,0.000690283
10000,0.0843398,0.000683572
