0,1
1,1.21
2,1
3,0.49
4,1.21
5,0.04
6,0.49
7,0.81
8,0.04
9,2.25
10,0.04
11,0.04
12,0.01
13,0.36
14,0.25
15,4.41
16,1.96
17,2.56
18,0.25
19,0.09
20,1.21
21,0.64
22,3.61
23,0.64
24,0.01
25,0.04
26,0.64
27,0.49
28,0.04
29,2.89
30,0.01
31,0.04
32,0.49
33,1.69
34,0.64
35,0.81
36,0.25
37,0.64
38,0.49
39,0.01
40,0.04
41,0.81
42,1.21
43,0.36
44,1.69
45,0.16
46,0.09
47,0.04
48,0.09
49,0.36
50,1
51,0.81
52,0.25
53,0.09
54,0
55,2.25
56,0.01
57,3.61
58,3.24
59,0.04
60,0.49
61,0.25
62,1.69
63,0.49
64,3.24
65,0.81
66,0.01
67,1.21
68,1
69,0.16
70,2.89
71,0.09
72,0.64
73,0.16
74,0.09
75,1.21
76,0.64
77,1.21
78,0.16
79,0
80,0.81
81,1
82,0.81
83,0.64
84,2.25
85,0.64
86,0.16
87,0.64
88,0.16
89,0.36
90,0.01
91,0
92,0.01
93,0.16
94,1.69
95,0.49
96,1.21
97,1.21
98,1.96
99,0.36
