100,3.4188,-nan
200,3.04274,0.376068
300,3.16809,0.250712
400,3.18908,0.178518
500,3.18618,0.13831
600,3.372,0.217441
700,3.29555,0.199037
800,3.30027,0.172436
900,3.22406,0.170102
1000,3.19795,0.154368
1100,3.20287,0.139717
1200,3.18849,0.128352
1300,3.17114,0.119334
1400,3.18883,0.11189
1500,3.19846,0.104608
1600,3.22379,0.101075
1700,3.20844,0.096175
1800,3.18452,0.0937782
1900,3.18011,0.0888147
2000,3.18371,0.0843337
2100,3.16168,0.0831873
2200,3.12429,0.0876855
2300,3.10676,0.0856007
2400,3.12746,0.0845306
2500,3.14271,0.082501
2600,3.16836,0.0833102
2700,3.16325,0.0803282
2800,3.1585,0.0775517
2900,3.18095,0.0781246
3000,3.19504,0.0767792
3100,3.18972,0.074451
3200,3.20579,0.0738546
3300,3.20484,0.0715878
3400,3.22263,0.0716914
3500,3.21337,0.070226
3600,3.22421,0.069103
3700,3.21374,0.0680197
3800,3.20714,0.0665336
3900,3.18706,0.0678431
4000,3.19286,0.0663786
4100,3.21353,0.0679596
4200,3.21842,0.0665017
4300,3.20817,0.0657403
4400,3.19586,0.0653972
4500,3.18789,0.0644233
4600,3.183,0.0631966
4700,3.18282,0.0618377
4800,3.18111,0.0605598
4900,3.18256,0.0593287
5000,3.17816,0.0582957
5100,3.17665,0.0571613
5200,3.18303,0.056414
5300,3.18748,0.0555179
5400,3.18724,0.0544806
5500,3.18842,0.0534938
5600,3.18686,0.0525532
5700,3.17593,0.0527665
5800,3.17342,0.0519095
5900,3.17099,0.0510797
6000,3.17512,0.0503907
6100,3.17059,0.0497647
6200,3.16334,0.0494894
6300,3.15914,0.0488786
6400,3.16608,0.0486075
6500,3.1674,0.0478721
6600,3.17258,0.0474241
6700,3.17045,0.0467591
6800,3.17051,0.0460664
6900,3.18495,0.0476343
7000,3.18274,0.0470008
7100,3.18486,0.0463827
7200,3.18936,0.0459546
7300,3.19133,0.0453637
7400,3.18574,0.0450941
7500,3.19132,0.0448363
7600,3.18513,0.0446729
7700,3.18312,0.0441348
7800,3.1803,0.0436566
7900,3.17673,0.0432477
8000,3.18332,0.0432088
8100,3.1939,0.0439644
8200,3.20576,0.0450161
8300,3.21439,0.045299
8400,3.20989,0.0449815
8500,3.21039,0.044452
8600,3.21281,0.0439988
8700,3.2142,0.0435122
8800,3.22358,0.0440276
8900,3.22141,0.0435843
9000,3.21854,0.0431928
9100,3.2198,0.0427342
9200,3.21774,0.0423173
9300,3.2124,0.0421991
9400,3.21556,0.0418666
9500,3.21095,0.0416791
9600,3.20907,0.0412856
9700,3.20871,0.0408593
9800,3.2062,0.0405178
9900,3.20749,0.040127
10000,3.20319,0.0399555
