2.820702195167541504e-01
1.241111010313034058e-01
8.920314908027648926e-02
6.968860328197479248e-02
5.736645683646202087e-02
4.839685186743736267e-02
4.013446345925331116e-02
3.836782276630401611e-02
3.510431572794914246e-02
2.767108753323554993e-02
2.704592235386371613e-02
2.677749842405319214e-02
2.516786567866802216e-02
2.140505053102970123e-02
2.063634432852268219e-02
2.266871742904186249e-02
1.813173852860927582e-02
1.974610053002834320e-02
1.631764508783817291e-02
1.869155652821063995e-02
