7.280048131942749023e-01
3.727169036865234375e-01
3.016315102577209473e-01
2.597766816616058350e-01
2.300898581743240356e-01
2.069663554430007935e-01
1.881816536188125610e-01
1.731414496898651123e-01
1.626002788543701172e-01
1.524904072284698486e-01
1.412004977464675903e-01
1.320657432079315186e-01
1.257370710372924805e-01
1.197756454348564148e-01
1.120176091790199280e-01
1.055501922965049744e-01
1.010498628020286560e-01
9.777874499559402466e-02
9.265676885843276978e-02
8.882249891757965088e-02
