1,0,0.0015,-0.0281266,0.418885
2,0,0.0015,0.0857772,0.212001
3,0,0.0015,-0.219679,0.0296313
4,0,0.0015,-0.310108,0.0788445
5,0,0.0015,-0.43348,0.00318415
6,0,0.0015,-0.423421,0.0220197
7,0,0.0015,-0.422915,0.0181891
8,0,0.0015,-0.336087,0.0537976
9,0,0.0015,-0.264336,0.0248141
10,0,0.0015,-0.387336,0.0550925
11,0,0.0015,-0.416388,0.0294226
12,0,0.0015,-0.398481,0.0136681
13,0,0.0015,-0.377623,0.038139
14,0,0.0015,-0.338162,0.0351956
15,0,0.0015,-0.410167,0.0404722
16,0,0.0015,-0.431991,0.00273035
17,0,0.0015,-0.41151,0.0221427
18,0,0.0015,-0.43902,0.00494809
19,0,0.0015,-0.442642,0.00320407
20,0,0.0015,-0.44195,0.00345749
21,0,0.0015,-0.432088,0.00272067
22,0,0.0015,-0.3671,0.0318763
23,0,0.0015,-0.398859,0.0325818
24,0,0.0015,-0.435284,0.00766916
25,0,0.0015,-0.442251,0.0033683
26,0,0.0015,-0.430268,0.0138571
27,0,0.0015,-0.399715,0.0148656
28,0,0.0015,-0.422547,0.00775929
29,0,0.0015,-0.413901,0.00355709
30,0,0.0015,-0.413167,0.00751345
31,0,0.0015,-0.420676,0.00595865
32,0,0.0015,-0.427099,0.0102169
33,0,0.0015,-0.437753,0.00663859
34,0,0.0015,-0.441408,0.00225938
35,0,0.0015,-0.427071,0.0156225
36,0,0.0015,-0.428664,0.00907111
37,0,0.0015,-0.425209,0.00475206
38,0,0.0015,-0.430895,0.00772532
39,0,0.0015,-0.441068,0.004778
40,0,0.0015,-0.432523,0.00313238
41,0,0.0015,-0.433535,0.00445386
42,0,0.0015,-0.420741,0.00829597
43,0,0.0015,-0.430353,0.00926212
44,0,0.0015,-0.43899,0.00340391
45,0,0.0015,-0.43393,0.00646023
46,0,0.0015,-0.423392,0.00956744
47,0,0.0015,-0.425581,0.0180238
48,0,0.0015,-0.407103,0.00638371
49,0,0.0015,-0.433793,0.00764075
50,0,0.0015,-0.431994,0.00604876
51,0,0.0015,-0.421659,0.0049969
52,0,0.0015,-0.4311,0.00668032
53,0,0.0015,-0.43502,0.00556268
54,0,0.0015,-0.44131,0.00279916
55,0,0.0015,-0.430147,0.00988114
56,0,0.0015,-0.435924,0.00424989
57,0,0.0015,-0.434064,0.00575656
58,0,0.0015,-0.441357,0.00299084
59,0,0.0015,-0.427236,0.0103976
60,0,0.0015,-0.437609,0.00562787
61,0,0.0015,-0.423666,0.00669547
62,0,0.0015,-0.437736,0.00701749
63,0,0.0015,-0.441233,0.00419515
64,0,0.0015,-0.435096,0.00596139
65,0,0.0015,-0.440656,0.00372972
66,0,0.0015,-0.441782,0.00609146
67,0,0.0015,-0.443878,0.00253155
68,0,0.0015,-0.441522,0.00507987
69,0,0.0015,-0.432584,0.00542185
70,0,0.0015,-0.442863,0.00225803
71,0,0.0015,-0.439865,0.00241807
72,0,0.0015,-0.439201,0.00446263
73,0,0.0015,-0.443064,0.00427712
74,0,0.0015,-0.443656,0.00344022
75,0,0.0015,-0.441087,0.00739013
76,0,0.0015,-0.438101,0.00474548
77,0,0.0015,-0.440867,0.00285533
78,0,0.0015,-0.443385,0.00190198
79,0,0.0015,-0.442281,0.00374278
80,0,0.0015,-0.444281,0.0024095
81,0,0.0015,-0.440656,0.00538985
82,0,0.0015,-0.442929,0.00432847
83,0,0.0015,-0.439311,0.00476126
84,0,0.0015,-0.44044,0.0051569
85,0,0.0015,-0.441875,0.0023397
86,0,0.0015,-0.44027,0.00330428
87,0,0.0015,-0.44408,0.00328684
88,0,0.0015,-0.442292,0.00291636
89,0,0.0015,-0.442835,0.00340339
90,0,0.0015,-0.441561,0.00326131
91,0,0.0015,-0.444739,0.00338501
92,0,0.0015,-0.437872,0.0037938
93,0,0.0015,-0.439374,0.00408594
94,0,0.0015,-0.439544,0.00440073
95,0,0.0015,-0.427437,0.00968081
96,0,0.0015,-0.43634,0.0052739
97,0,0.0015,-0.442022,0.00525179
98,0,0.0015,-0.434735,0.00395511
99,0,0.0015,-0.427626,0.00975266
100,0,0.0015,-0.437426,0.0149163
101,0,0.0015,-0.441115,0.00460943
102,0,0.0015,-0.441571,0.00306338
103,0,0.0015,-0.436012,0.00568893
104,0,0.0015,-0.440345,0.00361249
105,0,0.0015,-0.440715,0.00252459
106,0,0.0015,-0.434071,0.00658156
107,0,0.0015,-0.442466,0.00313327
108,0,0.0015,-0.442601,0.00401223
109,0,0.0015,-0.441152,0.00219564
110,0,0.0015,-0.440837,0.00266486
111,0,0.0015,-0.442538,0.00204347
112,0,0.0015,-0.442689,0.00240627
113,0,0.0015,-0.435066,0.0074362
114,0,0.0015,-0.436393,0.00489645
115,0,0.0015,-0.43794,0.00320481
116,0,0.0015,-0.439989,0.00365174
117,0,0.0015,-0.44213,0.00382378
118,0,0.0015,-0.442591,0.00251192
119,0,0.0015,-0.438933,0.00411953
120,0,0.0015,-0.438198,0.00697012
121,0,0.0015,-0.445258,0.00174601
122,0,0.0015,-0.441603,0.00466277
123,0,0.0015,-0.44293,0.00253125
124,0,0.0015,-0.443424,0.00269876
125,0,0.0015,-0.444052,0.00181679
126,0,0.0015,-0.44136,0.00237226
127,0,0.0015,-0.432082,0.00345902
128,0,0.0015,-0.436307,0.00601546
129,0,0.0015,-0.435121,0.00483046
130,0,0.0015,-0.438225,0.00479676
131,0,0.0015,-0.440853,0.00254942
132,0,0.0015,-0.43923,0.00240437
133,0,0.0015,-0.440593,0.00344756
134,0,0.0015,-0.432425,0.00576452
135,0,0.0015,-0.438981,0.00476635
136,0,0.0015,-0.442655,0.00250128
137,0,0.0015,-0.440792,0.00243185
138,0,0.0015,-0.441787,0.00579761
139,0,0.0015,-0.444385,0.00232141
140,0,0.0015,-0.443481,0.0031154
141,0,0.0015,-0.442427,0.00589066
142,0,0.0015,-0.437455,0.00542492
143,0,0.0015,-0.440602,0.00302455
144,0,0.0015,-0.44068,0.00476556
145,0,0.0015,-0.439105,0.00252196
146,0,0.0015,-0.441501,0.00416132
147,0,0.0015,-0.44399,0.0035898
148,0,0.0015,-0.445107,0.00235464
149,0,0.0015,-0.442634,0.00241427
150,0,0.0015,-0.441441,0.00317136
151,0,0.0015,-0.439326,0.00197345
152,0,0.0015,-0.441392,0.00420066
153,0,0.0015,-0.440714,0.00363686
154,0,0.0015,-0.439194,0.00269961
155,0,0.0015,-0.442243,0.00380687
156,0,0.0015,-0.438855,0.00416625
157,0,0.0015,-0.443189,0.00249648
158,0,0.0015,-0.437808,0.00446084
159,0,0.0015,-0.443183,0.00252304
160,0,0.0015,-0.443293,0.00219059
161,0,0.0015,-0.444166,0.00240052
162,0,0.0015,-0.44233,0.00273769
163,0,0.0015,-0.44301,0.00244772
164,0,0.0015,-0.439398,0.00329188
165,0,0.0015,-0.438178,0.00524926
166,0,0.0015,-0.442008,0.00288609
167,0,0.0015,-0.443371,0.00202995
168,0,0.0015,-0.442906,0.00302427
169,0,0.0015,-0.441953,0.00344853
170,0,0.0015,-0.439306,0.00261415
171,0,0.0015,-0.439423,0.00421639
172,0,0.0015,-0.441733,0.00279665
173,0,0.0015,-0.427058,0.00372526
174,0,0.0015,-0.434953,0.0069085
175,0,0.0015,-0.443292,0.00314266
176,0,0.0015,-0.441678,0.00559034
177,0,0.0015,-0.439825,0.00263971
178,0,0.0015,-0.444064,0.00253832
179,0,0.0015,-0.445151,0.00208709
180,0,0.0015,-0.441382,0.00298954
181,0,0.0015,-0.443157,0.00303989
182,0,0.0015,-0.443914,0.00213942
183,0,0.0015,-0.443982,0.00253056
184,0,0.0015,-0.439905,0.00389362
185,0,0.0015,-0.437655,0.00657859
186,0,0.0015,-0.439091,0.00292727
187,0,0.0015,-0.443242,0.00307316
188,0,0.0015,-0.442738,0.00434633
189,0,0.0015,-0.441964,0.00432507
190,0,0.0015,-0.439324,0.00273319
191,0,0.0015,-0.440375,0.0030189
192,0,0.0015,-0.440253,0.00294643
193,0,0.0015,-0.437739,0.00393382
194,0,0.0015,-0.428959,0.00840793
195,0,0.0015,-0.437128,0.00435567
196,0,0.0015,-0.440643,0.00307658
197,0,0.0015,-0.443844,0.00283544
198,0,0.0015,-0.441399,0.00436034
199,0,0.0015,-0.440361,0.00218735
200,0,0.0015,-0.442881,0.00203646
201,0,0.0015,-0.439293,0.00344482
202,0,0.0015,-0.441934,0.00273734
203,0,0.0015,-0.44113,0.00401
204,0,0.0015,-0.441167,0.00419378
205,0,0.0015,-0.441729,0.00401383
206,0,0.0015,-0.441131,0.00252637
207,0,0.0015,-0.4447,0.00419373
208,0,0.0015,-0.442689,0.00289987
209,0,0.0015,-0.441363,0.00205412
210,0,0.0015,-0.440997,0.0047646
211,0,0.0015,-0.443164,0.004269
212,0,0.0015,-0.431791,0.00278298
213,0,0.0015,-0.44111,0.00593317
214,0,0.0015,-0.435834,0.00733127
215,0,0.0015,-0.441486,0.00272874
216,0,0.0015,-0.440783,0.00312925
217,0,0.0015,-0.441378,0.00318369
218,0,0.0015,-0.44103,0.00424779
219,0,0.0015,-0.441627,0.00393284
220,0,0.0015,-0.436567,0.00769331
221,0,0.0015,-0.440682,0.00268246
222,0,0.0015,-0.437362,0.00326841
223,0,0.0015,-0.432818,0.0085095
224,0,0.0015,-0.442544,0.00241998
225,0,0.0015,-0.444701,0.00306972
226,0,0.0015,-0.442064,0.00371744
227,0,0.0015,-0.442621,0.00311507
228,0,0.0015,-0.439598,0.00389205
229,0,0.0015,-0.44222,0.0033908
230,0,0.0015,-0.444721,0.00275932
231,0,0.0015,-0.444876,0.00210011
232,0,0.0015,-0.442946,0.00267449
233,0,0.0015,-0.443615,0.00124373
