0,243.397
1,239.862
2,235.152
3,232.183
4,230.13
5,226.903
6,225.342
7,223.294
8,221.778
9,219.456
10,217.672
11,216.416
12,214.928
13,211.925
14,210.024
15,207.544
16,207.677
17,205.377
18,204.201
19,202.895
20,202.531
21,202.435
22,201.696
23,199.559
24,198.205
25,198.641
26,197.983
27,196.731
28,196.695
29,197.013
30,195.422
31,193.915
32,190.384
33,188.328
34,188.642
35,186.213
36,184.578
37,182.944
38,181.782
39,178.387
40,178.731
41,179.161
42,177.952
43,178.026
44,176.86
45,178.053
46,176.244
47,175.589
48,173.108
49,169.858
50,168.59
51,167.863
52,168.103
53,166.762
54,166.247
55,164.148
56,164.247
57,163.976
58,163.671
59,164.243
60,163.459
61,164.375
62,165.193
63,164.627
64,163.984
65,163.078
66,160.648
67,159.76
68,158.076
69,156.079
70,156.698
71,156.083
72,156.339
73,154.938
74,154.129
75,152.17
76,148.497
77,146.199
78,145.832
79,144.349
80,143.96
81,144.676
82,144.537
83,143.044
84,141.725
85,140.931
86,141.79
87,141.4
88,141.023
89,139.611
90,136.853
91,135.131
92,136.352
93,135.548
94,134.471
95,134.701
96,135.051
97,135.043
98,133.382
99,133.079
100,133.334
101,133.777
102,134.186
103,132.745
104,134.393
105,134.774
106,133.649
107,134.401
108,134.3
109,133.562
110,133.339
111,131.818
112,131.844
113,131.041
114,130.823
115,129.992
116,129.218
117,129.411
118,130.53
119,130.878
120,132.37
121,132.923
122,132.839
123,131.521
124,132.235
125,130.557
126,131.025
127,128.595
128,125.646
129,125.475
130,122.859
131,121.656
132,120.047
133,119.222
134,119.201
135,119.508
136,119.279
137,116.99
138,115.998
139,114.076
140,114.155
141,112.855
142,114.797
143,115.707
144,116.952
145,116.807
146,118.012
147,117.334
148,117.219
149,115.198
150,115.037
151,115.316
152,114.669
153,115.38
154,115.752
155,115.847
156,114.465
157,114.08
158,113.332
159,110.864
160,108.926
161,107.029
162,105.769
163,104.649
164,104.813
165,103.78
166,105.534
167,102.75
168,102.415
169,102.244
170,101.641
171,102.163
172,100.93
173,99.1573
174,99.3359
175,99.9924
176,100.779
177,100.041
178,101.98
179,100.384
180,98.9396
181,98.7472
182,97.0087
183,97.6896
184,98.6537
185,99.266
186,98.866
187,97.0107
188,98.4367
189,96.9741
190,96.0816
191,97.6581
192,97.5983
193,97.6948
194,97.1503
195,96.9832
196,97.5422
197,98.7863
198,97.6086
199,96.7079
200,95.931
201,94.5557
202,95.0144
203,94.5401
204,95.0541
205,94.7775
206,95.551
207,97.4712
208,99.0677
209,99.2804
210,99.6479
211,98.8109
212,99.1602
213,99.9516
214,99.0596
215,98.0742
216,98.0951
217,97.8329
218,97.792
219,97.4954
220,97.4725
221,97.5508
222,96.5627
223,94.941
224,93.5435
225,93.9196
226,93.0988
227,93.6071
228,94.4374
229,93.2872
230,93.6326
231,93.6678
232,92.3871
233,91.9301
234,91.1543
235,89.3527
236,87.4919
237,88.9113
238,89.2263
239,88.7069
240,90.7747
241,90.1906
242,89.4563
243,88.925
244,89.4631
245,87.9218
246,88.6318
247,88.3734
248,87.7882
249,86.2487
250,85.7523
251,85.8779
252,85.0904
253,83.4911
254,83.4523
255,82.6872
256,80.8252
257,81.3466
258,81.4139
259,81.0462
260,80.9407
261,79.9597
262,79.1195
263,80.0243
264,80.9755
265,80.4608
266,81.2466
267,81.2521
268,81.175
269,81.1398
270,81.0654
271,81.2871
272,81.3982
273,81.4289
274,81.0505
275,79.7349
276,77.6532
277,75.6478
278,72.4
279,71.6637
280,70.6912
281,69.9634
282,69.4544
283,68.2142
284,69.3102
285,68.7106
286,67.7024
287,67.1245
288,66.2278
289,66.7408
290,68.1096
291,69.6264
292,68.0077
293,67.8985
294,66.7158
295,66.5924
296,67.6428
297,67.2328
298,66.8423
299,66.2155
300,65.5611
301,66.1619
302,66.9609
303,68.4453
304,68.3261
305,69.2605
306,70.8911
307,70.5891
308,71.1693
309,70.5397
310,70.682
311,71.9837
312,72.3302
313,70.3329
314,70.5967
315,70.1993
316,68.88
317,70.5479
318,70.1452
319,70.1565
320,70.4415
321,69.7482
322,69.6507
323,70.8512
324,71.1065
325,71.4845
326,72.4328
327,72.4668
328,72.6085
329,71.8842
330,72.372
331,73.566
332,73.8527
333,74.7791
334,74.8088
335,75.6377
336,76.4171
337,76.3637
338,76.6538
339,76.2272
340,75.9478
341,75.2492
342,76.3926
343,75.9711
344,76.4654
345,75.4339
346,75.1579
347,74.5927
348,73.4782
349,73.824
350,75.1172
351,75.5472
352,76.2369
353,76.1795
354,75.1222
355,73.676
356,73.6823
357,71.6812
358,71.4751
359,70.4302
360,70.1784
361,69.095
362,68.2688
363,67.1624
364,67.68
365,67.8669
366,68.4523
367,68.0281
368,69.1164
369,68.5575
370,67.8817
371,66.644
372,66.4323
373,64.1089
374,63.0578
375,63.1416
376,62.26
377,62.7231
378,61.6086
379,60.9101
380,61.4018
381,61.9484
382,61.6392
383,62.4296
384,62.5274
385,62.1017
386,61.8124
387,62.4123
388,62.2652
389,61.6739
390,61.2479
391,61.0666
392,60.6286
393,60.6594
394,62.0599
395,60.8271
396,60.5274
397,59.265
398,59.0134
399,58.9076
400,58.0702
401,57.1781
402,57.2601
403,57.2428
404,57.528
405,57.5527
406,57.5399
407,57.7752
408,57.4918
409,58.6196
410,57.4869
411,56.1044
412,56.7634
413,56.5685
414,56.549
415,55.7388
416,55.4389
417,56.0844
418,55.3243
419,55.5846
420,55.3415
421,54.9003
422,54.8171
423,54.1655
424,53.8156
425,53.4923
426,53.1714
427,52.9498
428,52.6949
429,52.4078
430,53.1525
431,52.8452
432,53.6709
433,53.7182
434,53.8802
435,53.8597
436,54.1128
437,54.4656
438,53.9228
439,54.2471
440,54.5473
441,54.2682
442,54.1786
443,53.7473
444,53.7288
445,53.5838
446,53.7338
447,52.0112
448,51.0906
449,50.5844
450,50.5373
451,50.2907
452,49.878
453,49.9825
454,49.6496
455,48.8436
456,50.2468
457,49.2137
458,48.6032
459,48.8517
460,48.8977
461,48.5116
462,49.3109
463,47.994
464,47.5829
465,47.1172
466,46.4654
467,46.1403
468,46.1453
469,46.3872
470,46.1191
471,46.6258
472,46.7235
473,46.4545
474,46.4984
475,46.2943
476,45.451
477,44.7009
478,44.6942
479,45.4114
480,45.7138
481,44.9903
482,42.9047
483,42.8613
484,42.8552
485,41.4606
486,40.6097
487,40.365
488,40.0945
489,40.2009
490,40.0541
491,41.1171
492,41.6909
493,41.2498
494,41.1563
495,40.2615
496,40.2465
497,40.6173
498,41.0497
499,40.2999
500,40.6488
501,39.645
502,39.5764
503,39.1729
504,39.0918
505,38.4135
506,38.4544
507,38.9324
508,39.2374
509,39.5665
510,39.1471
511,37.8894
512,37.6741
513,37.8536
514,38.1523
515,39.3123
516,39.6034
517,39.3955
518,39.8853
519,39.0924
520,38.8036
521,38.3309
522,38.2666
523,38.8674
524,37.874
525,37.9556
526,36.8442
527,36.043
528,36.347
529,36.0604
530,35.973
531,35.4329
532,35.7917
533,35.8716
534,36.0471
535,36.6521
536,36.3868
537,36.2093
538,37.5268
539,37.484
540,37.4562
541,37.5094
542,38.6727
543,38.6796
544,39.0586
545,38.5876
546,37.9752
547,37.0451
548,36.5436
549,36.4563
550,35.8964
551,35.67
552,35.8585
553,35.6171
554,35.7267
555,36.1632
556,36.8767
557,37.289
558,37.0855
559,36.466
560,36.3787
561,36.7153
562,36.7991
563,37.3568
564,37.746
565,37.6111
566,37.4183
567,36.4652
568,36.5141
569,36.3476
570,35.7428
571,35.4913
572,35.0879
573,34.7381
574,34.8401
575,34.2491
576,34.2083
577,33.6908
578,34.1095
579,34.9529
580,35.1537
581,35.0432
582,34.4832
583,35.1281
584,34.7967
585,35.1196
586,35.4017
587,36.109
588,35.1851
589,34.7997
590,35.4446
591,36.1487
592,36.3767
593,36.8457
594,37.062
595,36.5627
596,36.4967
597,36.3583
598,36.829
599,36.8904
600,35.9796
601,36.0145
602,35.4066
603,35.6785
604,36.9006
605,37.7657
606,37.4724
607,37.4722
608,36.4923
609,37.2074
610,37.2858
611,37.6464
612,37.3982
613,37.0184
614,36.2915
615,35.5861
616,34.9467
617,35.8092
618,35.8839
619,36.0902
620,35.0492
621,35.4379
622,36.4052
623,35.8335
624,35.3329
625,35.0528
626,35.2604
627,34.6924
628,34.2899
629,34.6213
630,35.1879
631,35.5383
632,35.025
633,34.9124
634,35.015
635,34.9743
636,34.7602
637,35.4908
638,35.8352
639,35.65
640,35.6225
641,34.7685
642,34.1174
643,34.52
644,34.5833
645,35.5756
646,35.6821
647,35.2549
648,35.4862
649,35.3796
650,35.958
651,35.1861
652,35.1179
653,35.3935
654,35.3507
655,35.0963
656,35.2828
657,35.6341
658,36.0708
659,36.0966
660,35.3546
661,35.4963
662,35.2676
663,34.7931
664,34.5077
665,34.4124
666,34.4431
667,34.5555
668,35.1016
669,35.1597
670,35.6378
671,35.3713
672,35.0046
673,35.2496
674,35.0581
675,34.4252
676,34.1964
677,34.619
678,34.8006
679,34.4765
680,33.9376
681,34.2272
682,34.5124
683,33.5624
684,34.1694
685,34.2373
686,34.3626
687,34.1743
688,33.8865
689,34.4235
690,34.4421
691,34.1168
692,33.9818
693,33.6719
694,33.7864
695,33.5281
696,33.6879
697,33.9649
698,33.9476
699,34.6159
700,34.2855
701,33.8658
702,33.9697
703,33.9688
704,33.5255
705,33.2308
706,33.8914
707,34.4149
708,34.3845
709,34.1606
710,34.4194
711,34.9202
712,34.9966
713,34.2311
714,34.0669
715,33.5692
716,33.905
717,33.9376
718,34.4487
719,34.8229
720,34.9252
721,34.8105
722,35.0516
723,35.0305
724,35.371
725,35.0762
726,34.1391
727,33.9513
728,33.5916
729,34.7233
730,35.3874
731,35.1104
732,35.811
733,35.6572
734,34.6181
735,34.4114
736,34.3012
737,34.085
738,34.642
739,34.6379
740,34.411
741,33.9443
742,34.1439
743,34.4557
744,34.1023
745,34.7218
746,34.8014
747,35.3376
748,35.9788
749,35.5857
750,35.2212
751,34.9247
752,34.004
753,34.702
754,34.4447
755,34.2929
756,34.9174
757,34.2256
758,34.4603
759,34.1216
760,33.8168
761,35.3489
762,36.4906
763,36.6013
764,36.3984
765,35.6801
766,35.5204
767,35.9658
768,36.1033
769,35.9953
770,36.0647
771,35.9551
772,35.6081
773,35.3301
774,35.1204
775,34.7413
776,35.2721
777,35.5494
778,35.8849
779,36.3552
780,35.7774
781,35.9504
782,36.232
783,36.0884
784,37.1469
785,35.9974
786,35.6586
787,36.5303
788,35.5605
789,36.1743
790,36.8244
791,36.2623
792,35.8539
793,35.3997
794,35.4373
795,35.6788
796,35.5004
797,34.9854
798,34.6759
799,34.7011
800,35.6407
801,36.0377
802,36.4062
803,35.9281
804,35.8741
805,35.5284
806,35.6978
807,35.0271
808,35.2
809,34.9082
810,34.5705
811,34.4101
812,34.6931
813,35.039
814,34.7771
815,35.026
816,35.1667
817,35.9556
818,36.827
819,36.8397
820,35.9294
821,36.0169
822,35.5909
823,35.4864
824,35.7441
825,35.4403
826,35.365
827,36.0911
828,35.7155
829,35.8456
830,36.0531
831,36.0787
832,36.0832
833,36.3494
834,36.2686
835,36.3503
836,35.694
837,35.9327
838,36.0516
839,35.6606
840,36.404
841,36.4443
842,37.1616
843,37.4774
844,37.5459
845,38.1111
846,38.6418
847,38.5186
848,38.4961
849,37.5274
850,37.4569
851,37.4442
852,37.0737
853,36.6418
854,35.6348
855,35.1841
856,35.7106
857,35.3831
858,35.6031
859,36.1253
860,36.164
861,36.3687
862,35.6831
863,35.621
864,36.3615
865,35.813
866,36.3036
867,35.3473
868,35.2563
869,35.1464
870,35.6581
871,36.4324
872,35.7006
873,35.9692
874,36.2735
875,36.7981
876,36.1113
877,35.9971
878,35.6039
879,35.5993
880,35.0551
881,34.9896
882,35.208
883,35.5813
884,35.1517
885,36.104
886,35.6363
887,35.7154
888,35.7395
889,36.7885
890,37.4573
891,36.5359
892,35.7842
893,35.5993
894,36.1425
895,36.1261
896,36.6784
897,35.8682
898,34.9968
899,34.5877
900,34.9326
901,35.1335
902,35.1547
903,35.207
904,35.3428
905,35.2239
906,36.0306
907,35.4466
908,35.4761
909,34.4002
910,34.2772
911,33.3763
912,33.7744
913,34.2892
914,33.6177
915,34.1888
916,34.798
917,35.1903
918,34.9329
919,35.5592
920,35.616
921,35.349
922,35.0627
923,34.6558
924,34.8879
925,35.5262
926,35.2416
927,35.1699
928,35.6662
929,35.5402
930,35.4939
931,35.7361
932,35.6813
933,36.1716
934,35.9351
935,35.5582
936,35.9588
937,36.2149
938,36.631
939,34.9884
940,35.3625
941,35.0328
942,34.847
943,35.0048
944,34.5903
945,35.0883
946,35.4086
947,35.8336
948,35.959
949,35.3232
950,36.3974
951,35.6286
952,35.41
953,35.1119
954,34.8802
955,34.657
956,35.1388
957,35.3705
958,35.7143
959,35.0851
960,35.2923
961,35.6995
962,36.0928
963,35.618
964,35.1593
965,34.7893
966,34.9042
967,35.8124
968,35.1037
969,35.2326
970,35.0662
971,35.0697
972,34.8279
973,34.7599
974,34.8164
975,35.0669
976,35.6961
977,36.2507
978,36.6031
979,36.5493
980,36.8923
981,36.8293
982,36.602
983,37.2453
984,37.2941
985,36.8747
986,36.3312
987,35.9871
988,35.7318
989,36.1373
990,35.6341
991,36.1223
992,36.4894
993,37.3239
994,36.6427
995,36.4604
996,36.6497
997,36.4978
998,37.0281
999,36.3691
