0,1036.92
1,1029.55
2,978.059
3,932.388
4,953.621
5,953.621
6,953.621
7,931.811
8,952.084
9,912.144
10,968.536
11,924.288
12,914.534
13,899.359
14,758.734
15,812.5
16,831.722
17,805.262
18,792.433
19,794.563
20,812.385
21,745.755
22,815.764
23,797.985
24,821.518
25,821.518
26,758.651
27,758.651
28,758.651
29,752.537
30,750.361
31,737.95
32,758.651
33,733.234
34,671.789
35,684.332
36,691.123
37,691.123
38,691.123
39,716.904
40,713.121
41,713.121
42,684.183
43,637.678
44,684.183
45,672.67
46,647.809
47,647.809
48,568.685
49,558.647
50,558.647
51,516.821
52,547.431
53,558.647
54,438.764
55,438.764
56,458.215
57,458.215
58,458.215
59,458.215
60,385.456
61,436.24
62,417.588
63,400.431
64,400.431
65,400.431
66,400.431
67,377.476
68,377.476
69,348.606
70,348.606
71,348.606
72,348.606
73,348.606
74,348.606
75,348.606
76,311.727
77,317.182
78,283.827
79,283.827
80,277.262
81,277.262
82,277.262
83,276.688
84,270.615
85,244.962
86,237.633
87,237.633
88,235.315
89,200.904
90,217.832
91,217.832
92,220.024
93,217.049
94,222.049
95,203.362
96,203.362
97,203.362
98,203.362
99,197.386
100,174.278
101,195.45
102,184.559
103,184.559
104,193.283
105,182.06
106,182.06
107,166.53
108,166.53
109,166.53
110,166.53
111,155.32
112,155.32
113,141.25
114,141.25
115,136.297
116,130.548
117,130.548
118,112.18
119,113.17
120,113.17
121,113.17
122,113.17
123,113.17
124,113.707
125,112.18
126,107.589
127,107.589
128,109.377
129,107.824
130,107.589
131,106.98
132,102.347
133,102.347
134,100.818
135,100.818
136,97.7185
137,97.7185
138,97.7185
139,95.1094
140,94.1413
141,92.0298
142,87.2857
143,83.7161
144,94.3295
145,86.0058
146,86.0058
147,86.0058
148,86.0058
149,93.6331
150,91.5796
151,87.691
152,83.3175
153,83.3175
154,79.4878
155,79.4878
156,79.4878
157,76.5712
158,73.8171
159,73.8171
160,73.8171
161,70.8404
162,70.8404
163,70.8404
164,69.7114
165,69.7114
166,69.7114
167,66.229
168,66.229
169,66.229
170,65.7408
171,66.8698
172,66.024
173,66.8698
174,65.8875
175,66.8698
176,66.0755
177,66.0755
178,66.0755
179,65.7193
180,65.7193
181,65.7193
182,60.6745
183,60.6745
184,60.6745
185,61.8035
186,61.8035
187,61.8035
188,61.8035
189,61.782
190,61.5512
191,61.771
192,61.771
193,60.3203
194,60.9448
195,60.9448
196,59.5735
197,60.9448
198,60.9448
199,60.7955
200,60.7955
201,60.7955
202,60.7955
203,60.7955
204,60.7492
205,60.6481
206,60.7955
207,60.9278
208,60.9278
209,57.0895
210,57.0895
211,57.0895
212,57.0895
213,55.4162
214,55.4162
215,55.4162
216,55.4162
217,55.4162
218,55.7841
219,56.5563
220,56.5563
221,56.5563
222,56.0039
223,56.0039
224,55.4273
225,54.3306
226,54.3306
227,55.4273
228,55.4273
229,55.4273
230,55.4273
231,55.7841
232,55.5614
233,55.5614
234,54.6551
235,54.6551
236,54.6551
237,54.5985
238,54.4782
239,54.6551
240,54.6551
241,55.6072
242,54.8749
243,54.3786
244,54.3786
245,54.5798
246,53.8779
247,54.475
248,54.0379
249,54.0379
250,54.4065
251,54.4065
252,54.4065
253,53.5884
254,53.5884
255,53.5884
256,53.8076
257,53.8076
258,54.5288
259,53.2016
260,53.2016
261,53.2016
262,53.754
263,53.6949
264,53.1688
265,53.1688
266,52.949
267,52.949
268,53.0714
269,53.0714
270,53.0714
271,53.615
272,53.615
273,53.5478
274,53.4893
275,53.5478
276,53.615
277,53.1658
278,52.9281
279,53.5446
280,53.5446
281,53.5446
282,53.5446
283,53.615
284,53.615
285,53.7269
286,53.5611
287,53.5611
288,53.8355
289,53.0714
290,53.6198
291,53.5839
292,53.2229
293,53.5867
294,53.5867
295,53.0109
296,53.0109
297,52.9281
298,52.9281
299,52.9281
300,52.9281
301,53.2912
302,53.2912
303,53.2584
304,52.9281
305,52.9322
306,52.9322
307,52.9322
308,52.9322
309,53.3691
310,52.874
311,52.874
312,52.874
313,52.8336
314,52.9692
315,52.9692
316,52.9692
317,53.0682
318,53.0682
319,53.0682
320,53.0499
321,53.0682
322,52.9322
323,52.7692
324,52.7692
325,52.7692
326,52.7179
327,52.7179
328,52.9786
329,52.8964
330,52.986
331,52.986
332,52.874
333,53.0179
334,52.9786
335,52.874
336,52.7206
337,52.7206
338,52.7206
339,52.9281
340,53.0136
341,52.9662
342,52.7886
343,53.0682
344,53.0682
345,52.9577
346,52.9577
347,52.9692
348,52.9331
349,52.874
350,52.9003
351,52.9331
352,52.9331
353,52.9331
354,52.7037
355,52.7037
356,52.7037
357,52.7037
358,52.7037
359,52.8763
360,52.7206
361,52.7206
362,52.798
363,52.7334
364,52.8444
365,52.8444
366,52.7334
367,52.7334
368,52.8476
369,52.7623
370,52.7623
371,52.7421
372,52.7623
373,52.8478
374,52.7438
375,52.8444
376,52.8763
377,52.8763
378,52.7886
379,52.5907
380,52.5907
381,52.524
382,52.524
383,52.524
384,52.524
385,52.524
386,52.524
387,52.524
388,52.524
389,52.524
390,52.524
391,52.524
392,52.524
393,52.524
394,52.524
395,52.524
396,52.524
397,52.524
398,52.524
399,52.524
400,52.524
401,52.524
402,52.524
403,52.524
404,52.524
405,52.524
406,52.524
407,52.524
408,52.524
409,52.524
410,52.524
411,52.524
412,52.6351
413,52.524
414,52.524
415,52.5907
416,52.5651
417,52.5907
418,52.524
419,52.6095
420,52.6351
421,52.6993
422,52.6993
423,52.524
424,52.6095
425,52.6095
426,52.6095
427,52.6095
428,52.524
429,52.6095
430,52.6351
431,52.6351
432,52.6351
433,52.6512
434,52.7037
435,52.6095
436,52.6095
437,52.7037
438,52.7037
439,52.7206
440,52.7206
441,52.6351
442,52.8478
443,52.8478
444,52.7206
445,52.7206
446,52.6582
447,52.6582
448,52.524
449,52.524
450,52.524
451,52.524
452,52.524
453,52.524
454,52.524
455,52.524
456,52.524
457,52.524
458,52.6351
459,52.7249
460,52.7249
461,52.7249
462,52.6479
463,52.6479
464,52.6479
465,52.8232
466,52.7737
467,52.7737
468,52.7886
469,52.7821
470,52.7478
471,52.7478
472,52.7478
473,52.6993
474,52.7438
475,52.7438
476,52.7206
477,52.7478
478,52.7206
479,52.7478
480,52.7478
481,52.6993
482,52.6993
483,52.6993
484,52.7478
485,52.6993
486,52.689
487,52.6582
488,52.5651
489,52.5651
490,52.5651
491,52.5651
492,52.5651
493,52.5651
494,52.5651
495,52.5651
496,52.5651
497,52.6479
498,52.6479
499,52.6479
500,52.6479
501,52.6479
502,52.6095
503,52.6095
504,52.6479
505,52.6506
506,52.6479
507,52.6479
508,52.5651
509,52.5651
510,52.5651
511,52.5651
512,52.5651
513,52.5651
514,52.5651
515,52.5651
516,52.5651
517,52.5651
518,52.5651
519,52.5651
520,52.5651
521,52.5651
522,52.5651
523,52.5651
524,52.5651
525,52.5651
526,52.5651
527,52.5651
528,52.5651
529,52.5651
530,52.5651
531,52.5651
532,52.5651
533,52.5651
534,52.5651
535,52.5651
536,52.524
537,52.524
538,52.524
539,52.524
540,52.524
541,52.524
542,52.524
543,52.524
544,52.524
545,52.524
546,52.524
547,52.524
548,52.524
549,52.524
550,52.524
551,52.524
552,52.6479
553,52.5651
554,52.5651
555,52.5651
556,52.5651
557,52.5651
558,52.5651
559,52.5651
560,52.5651
561,52.5651
562,52.524
563,52.5651
564,52.5651
565,52.6479
566,52.6479
567,52.6479
568,52.6479
569,52.524
570,52.5651
571,52.5651
572,52.5651
573,52.5651
574,52.5651
575,52.5651
576,52.5651
577,52.5651
578,52.5651
579,52.5651
580,52.5651
581,52.5651
582,52.5651
583,52.5651
584,52.5651
585,52.5651
586,52.5651
587,52.524
588,52.524
589,52.5651
590,52.524
591,52.524
592,52.524
593,52.524
594,52.524
595,52.5651
596,52.5651
597,52.5651
598,52.5651
599,52.5651
600,52.5651
601,52.5651
602,52.5651
603,52.5651
604,52.5651
605,52.5651
606,52.524
607,52.524
608,52.524
609,52.524
610,52.524
611,52.524
612,52.5651
613,52.5651
614,52.5651
615,52.5651
616,52.5651
617,52.5651
618,52.5651
619,52.5651
620,52.5651
621,52.5651
622,52.5651
623,52.5651
624,52.5651
625,52.5651
626,52.5651
627,52.5651
628,52.5651
629,52.5651
630,52.524
631,52.524
632,52.524
633,52.524
634,52.524
635,52.5651
636,52.5651
637,52.5651
638,52.5651
639,52.5651
640,52.5651
641,52.5651
642,52.5651
643,52.5651
644,52.524
645,52.5651
646,52.5651
647,52.5651
648,52.5651
649,52.5651
650,52.5651
651,52.5651
652,52.5651
653,52.5651
654,52.5651
655,52.5651
656,52.5651
657,52.5651
658,52.5651
659,52.5651
660,52.6095
661,52.6095
662,52.5651
663,52.5651
664,52.5651
665,52.5651
666,52.524
667,52.524
668,52.524
669,52.5651
670,52.6095
671,52.5651
672,52.5651
673,52.5651
674,52.5651
675,52.5651
676,52.6993
677,52.6506
678,52.6506
679,52.5651
680,52.6506
681,52.524
682,52.524
683,52.524
684,52.6506
685,52.6506
686,52.6762
687,52.6506
688,52.6506
689,52.6506
690,52.5651
691,52.5651
692,52.5651
693,52.5651
694,52.5651
695,52.5651
696,52.5651
697,52.5651
698,52.5651
699,52.5651
700,52.5651
701,52.6762
702,52.6506
703,52.6095
704,52.6095
705,52.5651
706,52.5651
707,52.5651
708,52.5651
709,52.5651
710,52.5651
711,52.6095
712,52.6095
713,52.5651
714,52.5651
715,52.5651
716,52.5651
717,52.5651
718,52.5651
719,52.5651
720,52.6506
721,52.6506
722,52.6506
723,52.6506
724,52.6506
725,52.6506
726,52.6095
727,52.7367
728,52.5651
729,52.6095
730,52.6512
731,52.6762
732,52.6762
733,52.7367
734,52.6095
735,52.6095
736,52.6506
737,52.6506
738,52.6095
739,52.6095
740,52.6095
741,52.6095
742,52.6095
743,52.7206
744,52.524
745,52.524
746,52.524
747,52.524
748,52.524
749,52.524
750,52.524
751,52.524
752,52.524
753,52.5651
754,52.5651
755,52.5651
756,52.5651
757,52.5651
758,52.5651
759,52.5651
760,52.5651
761,52.5651
762,52.5651
763,52.5651
764,52.5651
765,52.5651
766,52.5651
767,52.6095
768,52.524
769,52.6095
770,52.6095
771,52.524
772,52.524
773,52.524
774,52.524
775,52.524
776,52.524
777,52.6095
778,52.6095
779,52.6095
780,52.524
781,52.5651
782,52.5651
783,52.5651
784,52.5651
785,52.5651
786,52.5651
787,52.5651
788,52.5651
789,52.6095
790,52.6095
791,52.6095
792,52.6095
793,52.6095
794,52.524
795,52.524
796,52.524
797,52.524
798,52.524
799,52.524
800,52.524
801,52.524
802,52.524
803,52.524
804,52.5651
805,52.524
806,52.524
807,52.524
808,52.524
809,52.524
810,52.5907
811,52.5907
812,52.524
813,52.524
814,52.524
815,52.524
816,52.524
817,52.524
818,52.524
819,52.524
820,52.524
821,52.524
822,52.524
823,52.524
824,52.524
825,52.524
826,52.524
827,52.524
828,52.524
829,52.524
830,52.524
831,52.524
832,52.524
833,52.524
834,52.524
835,52.524
836,52.524
837,52.524
838,52.524
839,52.524
840,52.524
841,52.524
842,52.524
843,52.524
844,52.524
845,52.524
846,52.524
847,52.524
848,52.524
849,52.524
850,52.524
851,52.524
852,52.524
853,52.524
854,52.524
855,52.524
856,52.524
857,52.524
858,52.524
859,52.524
860,52.524
861,52.524
862,52.524
863,52.524
864,52.524
865,52.524
866,52.524
867,52.524
868,52.524
869,52.524
870,52.524
871,52.524
872,52.524
873,52.524
874,52.524
875,52.524
876,52.524
877,52.524
878,52.524
879,52.524
880,52.524
881,52.524
882,52.524
883,52.524
884,52.524
885,52.524
886,52.524
887,52.524
888,52.524
889,52.524
890,52.524
891,52.524
892,52.524
893,52.524
894,52.524
895,52.524
896,52.524
897,52.524
898,52.524
899,52.524
900,52.524
901,52.524
902,52.524
903,52.524
904,52.5651
905,52.5651
906,52.5651
907,52.5651
908,52.5651
909,52.524
910,52.5651
911,52.524
912,52.524
913,52.524
914,52.5907
915,52.5907
916,52.5907
917,52.5907
918,52.5907
919,52.524
920,52.524
921,52.524
922,52.524
923,52.524
924,52.524
925,52.524
926,52.524
927,52.5651
928,52.6351
929,52.6351
930,52.524
931,52.524
932,52.6351
933,52.6351
934,52.524
935,52.524
936,52.524
937,52.524
938,52.524
939,52.524
940,52.5907
941,52.5907
942,52.524
943,52.524
944,52.5651
945,52.5651
946,52.5651
947,52.5651
948,52.5651
949,52.5651
950,52.5651
951,52.524
952,52.524
953,52.5651
954,52.5651
955,52.5651
956,52.5907
957,52.5651
958,52.5651
959,52.5651
960,52.5651
961,52.5651
962,52.5651
963,52.5651
964,52.5651
965,52.5651
966,52.5651
967,52.5651
968,52.524
969,52.524
970,52.5651
971,52.5651
972,52.524
973,52.524
974,52.524
975,52.524
976,52.524
977,52.524
978,52.524
979,52.524
980,52.524
981,52.524
982,52.524
983,52.524
984,52.524
985,52.524
986,52.524
987,52.524
988,52.524
989,52.524
990,52.524
991,52.524
992,52.524
993,52.524
994,52.524
995,52.524
996,52.524
997,52.524
998,52.524
999,52.524
