0,20864.6
1,17948.7
2,15677.6
3,14224.8
4,12627.6
5,11489
6,10311.1
7,9796.55
8,9400.55
9,9148.78
10,8640.27
11,8407.11
12,8201.68
13,7997.45
14,7777.55
15,7709.01
16,7518.79
17,7272
18,7058
19,7016.99
20,6974.2
21,6906.77
22,6895.21
23,6850.99
24,6754.42
25,6301.02
26,6215.2
27,6127.82
28,6050.56
29,5965.05
30,5907.15
31,5845.08
32,5845.08
33,5824.31
34,5812.12
35,5741.78
36,5688.93
37,5675.84
38,5491.89
39,5472.12
40,5422.79
41,5415.74
42,5406.07
43,5406.07
44,5392.58
45,5339.35
46,5303.67
47,5303.67
48,5271.49
49,5270.69
50,5254.37
51,5248.01
52,5194.55
53,5185.81
54,5180.78
55,5127.92
56,5127.92
57,5127.92
58,5123.12
59,5106.56
60,5106.56
61,5096.68
62,5095.01
63,5095.01
64,5095.01
65,5067.53
66,5024.34
67,5024.16
68,5016.22
69,4965.36
70,4965.36
71,4965.36
72,4965.36
73,4960.25
74,4960.11
75,4948.64
76,4945.98
77,4938.99
78,4938.99
79,4937.19
80,4878.14
81,4878.14
82,4878.14
83,4873.21
84,4873.21
85,4860.49
86,4822.45
87,4822.45
88,4822.45
89,4772.62
90,4772.62
91,4772.62
92,4770.34
93,4770.34
94,4765.01
95,4761.26
96,4761.26
97,4748.54
98,4748.54
99,4748.54
100,4748.54
101,4748.54
102,4748.54
103,4748.54
104,4748.54
105,4748.54
106,4748.54
107,4748.54
108,4748.54
109,4748.54
110,4748.54
111,4748.54
112,4748.54
113,4748.54
114,4748.54
115,4748.54
116,4748.54
117,4748.54
118,4748.54
119,4748.54
120,4748.54
121,4748.54
122,4748.54
123,4748.54
124,4748.54
125,4748.54
126,4748.54
127,4748.54
128,4748.54
129,4748.54
130,4748.54
131,4748.54
132,4748.54
133,4748.54
134,4748.54
135,4748.54
136,4748.54
137,4748.54
138,4748.54
139,4748.54
140,4748.54
141,4748.54
142,4748.54
143,4748.54
144,4748.54
145,4748.54
146,4748.54
147,4748.54
148,4748.54
149,4748.54
150,4748.54
151,4748.54
152,4748.54
153,4748.54
154,4748.54
155,4748.54
156,4748.54
157,4748.54
158,4748.54
159,4748.54
160,4748.54
161,4748.54
162,4748.54
163,4748.54
164,4748.54
165,4748.54
166,4748.54
167,4748.54
168,4748.54
169,4748.54
170,4748.54
171,4748.54
172,4748.54
173,4748.54
174,4748.54
175,4748.54
176,4748.54
177,4748.54
178,4748.54
179,4748.54
180,4653.47
181,4653.47
182,4653.47
183,4653.47
184,4653.47
185,4653.47
186,4653.47
187,4653.47
188,4653.47
189,4653.47
190,4653.47
191,4653.47
192,4653.47
193,4653.47
194,4653.47
195,4653.47
196,4653.47
197,4653.47
198,4653.47
199,4653.47
200,4642.9
201,4642.9
202,4642.9
203,4642.9
204,4642.9
205,4642.9
206,4642.9
207,4642.9
208,4642.9
209,4642.9
210,4642.9
211,4642.9
212,4642.9
213,4642.9
214,4642.9
215,4642.9
216,4642.9
217,4642.9
218,4642.9
219,4642.9
220,4642.9
221,4642.9
222,4642.9
223,4642.9
224,4642.9
225,4642.9
226,4642.9
227,4642.9
228,4642.9
229,4642.9
230,4642.9
231,4642.9
232,4597.19
233,4597.19
234,4597.19
235,4597.19
236,4597.19
237,4597.19
238,4597.19
239,4597.19
240,4597.19
241,4597.19
242,4597.19
243,4597.19
244,4597.19
245,4597.19
246,4597.19
247,4597.19
248,4597.19
249,4597.19
250,4597.19
251,4597.19
252,4597.19
253,4597.19
254,4597.19
255,4597.19
256,4597.19
257,4597.19
258,4597.19
259,4597.19
260,4597.19
261,4597.19
262,4597.19
263,4597.19
264,4597.19
265,4597.19
266,4597.19
267,4597.19
268,4597.19
269,4597.19
270,4597.19
271,4597.19
272,4597.19
273,4597.19
274,4597.19
275,4597.19
276,4597.19
277,4597.19
278,4597.19
279,4597.19
280,4594.84
281,4594.84
282,4594.84
283,4594.84
284,4594.84
285,4594.84
286,4594.84
287,4594.84
288,4594.84
289,4594.84
290,4594.84
291,4594.84
292,4594.84
293,4594.84
294,4594.84
295,4594.84
296,4594.84
297,4594.84
298,4594.84
299,4594.84
300,4594.84
301,4594.84
302,4594.84
303,4594.84
304,4594.84
305,4594.84
306,4594.84
307,4594.84
308,4594.84
309,4594.84
310,4594.84
311,4594.84
312,4594.84
313,4594.84
314,4594.84
315,4594.84
316,4594.84
317,4594.84
318,4594.84
319,4594.84
320,4594.84
321,4594.84
322,4594.84
323,4594.84
324,4594.84
325,4594.84
326,4594.84
327,4594.84
328,4594.84
329,4594.84
330,4594.84
331,4594.84
332,4594.84
333,4594.84
334,4594.84
335,4594.84
336,4594.84
337,4594.84
338,4594.84
339,4594.84
340,4594.84
341,4594.84
342,4594.84
343,4594.84
344,4594.84
345,4594.84
346,4594.84
347,4594.84
348,4594.84
349,4594.84
350,4594.84
351,4594.84
352,4594.84
353,4594.84
354,4594.84
355,4594.84
356,4594.84
357,4594.84
358,4594.84
359,4594.84
360,4594.84
361,4594.84
362,4594.84
363,4594.84
364,4594.84
365,4594.84
366,4594.84
367,4594.84
368,4594.84
369,4594.84
370,4594.84
371,4594.84
372,4594.84
373,4594.84
374,4594.84
375,4594.84
376,4594.84
377,4594.84
378,4594.84
379,4594.84
380,4594.84
381,4594.84
382,4594.84
383,4594.84
384,4594.84
385,4594.84
386,4594.84
387,4594.84
388,4594.84
389,4594.84
390,4594.84
391,4594.84
392,4594.84
393,4594.84
394,4594.84
395,4594.84
396,4594.84
397,4594.84
398,4594.84
399,4594.84
400,4594.84
401,4594.84
402,4594.84
403,4594.84
404,4594.84
405,4594.84
406,4594.84
407,4594.84
408,4594.84
409,4594.84
410,4594.84
411,4594.84
412,4594.84
413,4594.84
414,4594.84
415,4594.84
416,4594.84
417,4594.84
418,4594.84
419,4594.84
420,4594.84
421,4594.84
422,4594.84
423,4594.84
424,4594.84
425,4594.84
426,4594.84
427,4594.84
428,4594.84
429,4594.84
430,4594.84
431,4594.84
432,4594.84
433,4594.84
434,4594.84
435,4594.84
436,4594.84
437,4594.84
438,4594.84
439,4594.84
440,4594.84
441,4594.84
442,4594.84
443,4594.84
444,4594.84
445,4594.84
446,4594.84
447,4594.84
448,4594.84
449,4594.84
450,4594.84
451,4594.84
452,4594.84
453,4594.84
454,4594.84
455,4594.84
456,4594.84
457,4594.84
458,4594.84
459,4594.84
460,4594.84
461,4594.84
462,4594.84
463,4594.84
464,4594.84
465,4594.84
466,4594.84
467,4594.84
468,4594.84
469,4594.84
470,4594.84
471,4594.84
472,4594.84
473,4594.84
474,4594.84
475,4594.84
476,4594.84
477,4594.84
478,4594.84
479,4594.84
480,4594.84
481,4594.84
482,4594.84
483,4594.84
484,4594.84
485,4594.84
486,4594.84
487,4594.84
488,4594.84
489,4594.84
490,4594.84
491,4594.84
492,4594.84
493,4594.84
494,4594.84
495,4594.84
496,4594.84
497,4594.84
498,4594.84
499,4594.84
