0,20729.4
1,19160.2
2,16825.8
3,15479.7
4,14785.8
5,13931.8
6,12817.9
7,11481
8,11028.6
9,10681.2
10,10185.4
11,9957.57
12,9617.3
13,9083.28
14,8910.23
15,8720.27
16,8563.67
17,8511.16
18,8333.07
19,8066.13
20,6734.08
21,6695.77
22,6577.55
23,6555.05
24,6504.43
25,6428.8
26,6383.39
27,6332.8
28,6297.95
29,6275.88
30,6245.47
31,6204.9
32,6176.58
33,6080.37
34,6050.32
35,5973.7
36,5875.07
37,5832.39
38,5756.76
39,5731.85
40,5520.12
41,5511.59
42,5455.56
43,5408.53
44,5369.74
45,5369.74
46,5369.74
47,5369.74
48,5355.97
49,5347.37
50,5321.17
51,5313.71
52,5283.36
53,5222.09
54,5222.09
55,5122.26
56,5094.78
57,5072.74
58,5069.62
59,5067.48
60,5067.48
61,5023.02
62,5023.02
63,5017.51
64,5017.51
65,4984.11
66,4955.98
67,4911.37
68,4911.37
69,4908.79
70,4903.47
71,4902.43
72,4902.43
73,4902.43
74,4891.51
75,4891.51
76,4891.51
77,4868.41
78,4850.71
79,4849.98
80,4849.98
81,4849.98
82,4849.98
83,4847.4
84,4842.6
85,4842.6
86,4842.6
87,4842.6
88,4842.6
89,4842.6
90,4842.6
91,4842.6
92,4842.6
93,4842.6
94,4842.6
95,4839.29
96,4839.29
97,4839.29
98,4839.29
99,4839.29
100,4748.54
101,4748.54
102,4748.54
103,4748.54
104,4748.54
105,4748.54
106,4748.54
107,4748.54
108,4748.54
109,4748.54
110,4748.54
111,4748.54
112,4748.54
113,4748.54
114,4748.54
115,4748.54
116,4748.54
117,4748.54
118,4748.54
119,4748.54
120,4741.28
121,4673.3
122,4673.3
123,4673.3
124,4673.3
125,4673.3
126,4673.3
127,4673.3
128,4673.3
129,4673.3
130,4673.3
131,4673.3
132,4673.3
133,4673.3
134,4642.9
135,4642.9
136,4642.9
137,4642.9
138,4642.9
139,4642.9
140,4642.9
141,4642.9
142,4642.9
143,4642.9
144,4642.9
145,4642.9
146,4642.9
147,4642.9
148,4642.9
149,4642.9
150,4642.9
151,4642.9
152,4642.9
153,4642.9
154,4642.9
155,4642.9
156,4642.9
157,4642.9
158,4642.9
159,4642.9
160,4642.9
161,4642.9
162,4642.9
163,4642.9
164,4642.9
165,4642.9
166,4642.9
167,4642.9
168,4642.9
169,4642.9
170,4642.9
171,4642.9
172,4642.9
173,4642.9
174,4642.9
175,4642.9
176,4642.9
177,4642.9
178,4642.9
179,4642.9
180,4604.79
181,4604.79
182,4597.19
183,4597.19
184,4597.19
185,4597.19
186,4597.19
187,4597.19
188,4597.19
189,4597.19
190,4597.19
191,4597.19
192,4597.19
193,4597.19
194,4597.19
195,4597.19
196,4597.19
197,4597.19
198,4597.19
199,4597.19
200,4597.19
201,4597.19
202,4597.19
203,4597.19
204,4597.19
205,4597.19
206,4597.19
207,4597.19
208,4597.19
209,4597.19
210,4597.19
211,4597.19
212,4597.19
213,4597.19
214,4597.19
215,4597.19
216,4597.19
217,4597.19
218,4597.19
219,4597.19
220,4597.19
221,4597.19
222,4597.19
223,4597.19
224,4597.19
225,4597.19
226,4597.19
227,4597.19
228,4597.19
229,4597.19
230,4597.19
231,4597.19
232,4597.19
233,4597.19
234,4597.19
235,4597.19
236,4597.19
237,4597.19
238,4597.19
239,4597.19
240,4597.19
241,4597.19
242,4597.19
243,4597.19
244,4597.19
245,4597.19
246,4597.19
247,4597.19
248,4597.19
249,4597.19
250,4597.19
251,4597.19
252,4597.19
253,4597.19
254,4597.19
255,4597.19
256,4597.19
257,4597.19
258,4597.19
259,4597.19
260,4597.19
261,4597.19
262,4597.19
263,4597.19
264,4597.19
265,4597.19
266,4597.19
267,4597.19
268,4597.19
269,4597.19
270,4597.19
271,4597.19
272,4597.19
273,4597.19
274,4597.19
275,4597.19
276,4597.19
277,4597.19
278,4597.19
279,4597.19
280,4597.19
281,4597.19
282,4597.19
283,4597.19
284,4597.19
285,4597.19
286,4597.19
287,4597.19
288,4597.19
289,4597.19
290,4597.19
291,4597.19
292,4597.19
293,4597.19
294,4597.19
295,4597.19
296,4597.19
297,4597.19
298,4597.19
299,4597.19
300,4594.84
301,4594.84
302,4594.84
303,4594.84
304,4594.84
305,4594.84
306,4594.84
307,4594.84
308,4594.84
309,4594.84
310,4594.84
311,4594.84
312,4594.84
313,4594.84
314,4594.84
315,4594.84
316,4594.84
317,4594.84
318,4594.84
319,4594.84
320,4594.84
321,4594.84
322,4594.84
323,4594.84
324,4594.84
325,4594.84
326,4594.84
327,4594.84
328,4594.84
329,4594.84
330,4594.84
331,4594.84
332,4594.84
333,4594.84
334,4594.84
335,4594.84
336,4594.84
337,4594.84
338,4594.84
339,4594.84
340,4594.84
341,4594.84
342,4594.84
343,4594.84
344,4594.84
345,4594.84
346,4594.84
347,4594.84
348,4594.84
349,4594.84
350,4594.84
351,4594.84
352,4594.84
353,4594.84
354,4594.84
355,4594.84
356,4594.84
357,4594.84
358,4594.84
359,4594.84
360,4594.84
361,4594.84
362,4594.84
363,4594.84
364,4594.84
365,4594.84
366,4594.84
367,4594.84
368,4594.84
369,4594.84
370,4594.84
371,4594.84
372,4594.84
373,4594.84
374,4594.84
375,4594.84
376,4594.84
377,4594.84
378,4594.84
379,4594.84
380,4594.84
381,4594.84
382,4594.84
383,4594.84
384,4594.84
385,4594.84
386,4594.84
387,4594.84
388,4594.84
389,4594.84
390,4594.84
391,4594.84
392,4594.84
393,4594.84
394,4594.84
395,4594.84
396,4594.84
397,4594.84
398,4594.84
399,4594.84
400,4594.84
401,4594.84
402,4594.84
403,4594.84
404,4594.84
405,4594.84
406,4594.84
407,4594.84
408,4594.84
409,4594.84
410,4594.84
411,4594.84
412,4594.84
413,4594.84
414,4594.84
415,4594.84
416,4594.84
417,4594.84
418,4594.84
419,4594.84
420,4594.84
421,4594.84
422,4594.84
423,4594.84
424,4594.84
425,4594.84
426,4594.84
427,4594.84
428,4594.84
429,4594.84
430,4594.84
431,4594.84
432,4594.84
433,4594.84
434,4594.84
435,4594.84
436,4594.84
437,4594.84
438,4594.84
439,4594.84
440,4594.84
441,4594.84
442,4594.84
443,4594.84
444,4594.84
445,4594.84
446,4594.84
447,4594.84
448,4594.84
449,4594.84
450,4594.84
451,4594.84
452,4594.84
453,4594.84
454,4594.84
455,4594.84
456,4594.84
457,4594.84
458,4594.84
459,4594.84
460,4594.84
461,4594.84
462,4594.84
463,4594.84
464,4594.84
465,4594.84
466,4594.84
467,4594.84
468,4594.84
469,4594.84
470,4594.84
471,4594.84
472,4594.84
473,4594.84
474,4594.84
475,4594.84
476,4594.84
477,4594.84
478,4594.84
479,4594.84
480,4594.84
481,4594.84
482,4594.84
483,4599.56
484,4599.56
485,4598.3
486,4598.3
487,4598.3
488,4598.3
489,4598.3
490,4598.3
491,4598.3
492,4598.3
493,4598.3
494,4598.3
495,4598.3
496,4598.3
497,4598.3
498,4598.3
499,4598.3
